1.901606000000000000e+06
5.558084000000000000e+06
8.986724000000000000e+06
1.217191600000000000e+07
1.511775000000000000e+07
1.787166400000000000e+07
2.038894800000000000e+07
2.269209400000000000e+07
2.479177600000000000e+07
2.670457400000000000e+07
2.839706800000000000e+07
2.992371800000000000e+07
3.129186400000000000e+07
3.242024400000000000e+07
3.339699800000000000e+07
3.420746400000000000e+07
3.482525000000000000e+07
3.530087200000000000e+07
3.561853000000000000e+07
3.573401200000000000e+07
3.574090600000000000e+07
3.563045200000000000e+07
3.537590200000000000e+07
3.493975600000000000e+07
3.437710800000000000e+07
3.369115800000000000e+07
3.287860200000000000e+07
3.194065800000000000e+07
3.085187600000000000e+07
2.964687800000000000e+07
