5.600000000000000000e+01
3.940000000000000000e+02
9.400000000000000000e+02
1.879000000000000000e+03
3.004000000000000000e+03
4.313000000000000000e+03
5.635000000000000000e+03
7.433000000000000000e+03
8.946000000000000000e+03
1.063100000000000000e+04
1.256500000000000000e+04
1.421600000000000000e+04
1.600800000000000000e+04
1.792800000000000000e+04
1.968800000000000000e+04
2.131100000000000000e+04
2.352500000000000000e+04
2.507000000000000000e+04
2.635100000000000000e+04
2.794200000000000000e+04
2.903100000000000000e+04
3.053100000000000000e+04
3.180700000000000000e+04
3.236500000000000000e+04
3.335800000000000000e+04
3.346000000000000000e+04
3.426800000000000000e+04
3.432300000000000000e+04
3.468000000000000000e+04
3.405700000000000000e+04
