5.200000000000000000e+01
3.760000000000000000e+02
1.104000000000000000e+03
1.824000000000000000e+03
2.864000000000000000e+03
4.126000000000000000e+03
5.834000000000000000e+03
7.338000000000000000e+03
9.120000000000000000e+03
1.056200000000000000e+04
1.235600000000000000e+04
1.401200000000000000e+04
1.596200000000000000e+04
1.801600000000000000e+04
2.002800000000000000e+04
2.170800000000000000e+04
2.292800000000000000e+04
2.487400000000000000e+04
2.622600000000000000e+04
2.807000000000000000e+04
2.907800000000000000e+04
3.081600000000000000e+04
3.201400000000000000e+04
3.234000000000000000e+04
3.316400000000000000e+04
3.389600000000000000e+04
3.385200000000000000e+04
3.436000000000000000e+04
3.458200000000000000e+04
3.419200000000000000e+04
