21 15 0 0 0 0 0 0 0 0 0 0 0 0 0 0 0 0 0 0 
8 53 20 0 0 0 0 0 0 0 0 0 0 0 0 0 0 0 0 0 
0 11 64 31 0 0 0 0 0 0 0 0 0 0 0 0 0 0 0 0 
0 0 18 102 33 0 0 0 0 0 0 0 0 0 0 0 0 0 0 0 
0 0 0 47 165 51 0 0 0 0 0 0 0 0 0 0 0 0 0 0 
0 0 0 0 61 209 66 0 0 0 0 0 0 0 0 0 0 0 0 0 
0 0 0 0 0 69 294 112 0 0 0 0 0 0 0 0 0 0 0 0 
0 0 0 0 0 0 83 349 122 0 0 0 0 0 0 0 0 0 0 0 
0 0 0 0 0 0 0 125 477 129 0 0 0 0 0 0 0 0 0 0 
0 0 0 0 0 0 0 0 176 534 174 0 0 0 0 0 0 0 0 0 
0 0 0 0 0 0 0 0 0 158 626 243 0 0 0 0 0 0 0 0 
0 0 0 0 0 0 0 0 0 0 214 731 261 0 0 0 0 0 0 0 
0 0 0 0 0 0 0 0 0 0 0 203 855 277 0 0 0 0 0 0 
0 0 0 0 0 0 0 0 0 0 0 0 231 922 261 0 0 0 0 0 
0 0 0 0 0 0 0 0 0 0 0 0 0 246 986 354 0 0 0 0 
0 0 0 0 0 0 0 0 0 0 0 0 0 0 308 1219 379 0 0 0 
0 0 0 0 0 0 0 0 0 0 0 0 0 0 0 415 1303 433 0 0 
0 0 0 0 0 0 0 0 0 0 0 0 0 0 0 0 473 1451 417 0 
0 0 0 0 0 0 0 0 0 0 0 0 0 0 0 0 0 442 1672 478 
0 0 0 0 0 0 0 0 0 0 0 0 0 0 0 0 0 0 527 1674 


27 218 85 0 0 0 0 0 0 0 0 0 0 0 0 0 0 0 0 0 
57 192 220 60 0 0 0 0 0 0 0 0 0 0 0 0 0 0 0 0 
10 137 283 277 74 0 0 0 0 0 0 0 0 0 0 0 0 0 0 0 
0 40 236 406 365 109 0 0 0 0 0 0 0 0 0 0 0 0 0 0 
0 0 72 335 519 559 126 0 0 0 0 0 0 0 0 0 0 0 0 0 
0 0 0 97 539 669 707 223 0 0 0 0 0 0 0 0 0 0 0 0 
0 0 0 0 140 642 863 1051 244 0 0 0 0 0 0 0 0 0 0 0 
0 0 0 0 0 195 922 1247 1252 288 0 0 0 0 0 0 0 0 0 0 
0 0 0 0 0 0 233 1201 1564 1443 400 0 0 0 0 0 0 0 0 0 
0 0 0 0 0 0 0 301 1475 1881 1712 445 0 0 0 0 0 0 0 0 
0 0 0 0 0 0 0 0 377 1798 2051 2083 492 0 0 0 0 0 0 0 
0 0 0 0 0 0 0 0 0 398 1909 2433 2310 566 0 0 0 0 0 0 
0 0 0 0 0 0 0 0 0 0 489 2306 2829 2775 631 0 0 0 0 0 
0 0 0 0 0 0 0 0 0 0 0 555 2550 3355 2943 676 0 0 0 0 
0 0 0 0 0 0 0 0 0 0 0 0 632 3107 3737 3368 756 0 0 0 
0 0 0 0 0 0 0 0 0 0 0 0 0 836 3487 4064 3678 896 0 0 
0 0 0 0 0 0 0 0 0 0 0 0 0 0 790 3842 4522 4088 1025 0 
0 0 0 0 0 0 0 0 0 0 0 0 0 0 0 828 4087 5013 4508 1039 
0 0 0 0 0 0 0 0 0 0 0 0 0 0 0 0 992 4595 5541 4937 
0 0 0 0 0 0 0 0 0 0 0 0 0 0 0 0 0 1093 4893 6097 


0 63 518 200 0 0 0 0 0 0 0 0 0 0 0 0 0 0 0 0 
20 239 429 515 117 0 0 0 0 0 0 0 0 0 0 0 0 0 0 0 
55 223 409 491 516 107 0 0 0 0 0 0 0 0 0 0 0 0 0 0 
26 217 394 533 707 713 165 0 0 0 0 0 0 0 0 0 0 0 0 0 
0 70 378 625 876 1056 980 256 0 0 0 0 0 0 0 0 0 0 0 0 
0 0 86 613 983 1207 1412 1384 309 0 0 0 0 0 0 0 0 0 0 0 
0 0 0 162 925 1242 1524 1708 1612 393 0 0 0 0 0 0 0 0 0 0 
0 0 0 0 221 1398 1688 1896 2271 1984 476 0 0 0 0 0 0 0 0 0 
0 0 0 0 0 295 1462 2076 2370 2525 2411 566 0 0 0 0 0 0 0 0 
0 0 0 0 0 0 333 1881 2633 2871 3140 2767 705 0 0 0 0 0 0 0 
0 0 0 0 0 0 0 453 2369 2961 3368 3675 3369 800 0 0 0 0 0 0 
0 0 0 0 0 0 0 0 563 2812 3536 3839 4269 3771 842 0 0 0 0 0 
0 0 0 0 0 0 0 0 0 602 3067 4112 4548 4894 4337 956 0 0 0 0 
0 0 0 0 0 0 0 0 0 0 682 3651 4625 4986 5392 4820 1096 0 0 0 
0 0 0 0 0 0 0 0 0 0 0 841 4257 5245 5958 6214 5343 1124 0 0 
0 0 0 0 0 0 0 0 0 0 0 0 911 4895 5997 6522 6741 5700 1271 0 
0 0 0 0 0 0 0 0 0 0 0 0 0 1160 5315 6828 7104 7223 6343 1399 
0 0 0 0 0 0 0 0 0 0 0 0 0 0 1175 5954 7709 7874 7928 6880 
0 0 0 0 0 0 0 0 0 0 0 0 0 0 0 1344 6630 8024 8431 8625 
0 0 0 0 0 0 0 0 0 0 0 0 0 0 0 0 1460 7082 8641 9108 


0 0 188 869 266 0 0 0 0 0 0 0 0 0 0 0 0 0 0 0 
0 58 491 781 815 184 0 0 0 0 0 0 0 0 0 0 0 0 0 0 
22 278 492 696 865 901 192 0 0 0 0 0 0 0 0 0 0 0 0 0 
102 354 531 799 972 1138 1172 288 0 0 0 0 0 0 0 0 0 0 0 0 
43 354 654 969 1179 1440 1603 1604 422 0 0 0 0 0 0 0 0 0 0 0 
0 78 640 1028 1362 1608 1961 2195 2092 485 0 0 0 0 0 0 0 0 0 0 
0 0 161 992 1411 1733 2203 2362 2761 2554 572 0 0 0 0 0 0 0 0 0 
0 0 0 274 1383 1925 2271 2712 3135 3306 2991 666 0 0 0 0 0 0 0 0 
0 0 0 0 348 1920 2566 2850 3316 3690 3936 3623 834 0 0 0 0 0 0 0 
0 0 0 0 0 447 2437 3218 3670 3862 4564 4792 4377 1047 0 0 0 0 0 0 
0 0 0 0 0 0 567 2969 4048 4359 4782 5034 5287 4895 1134 0 0 0 0 0 
0 0 0 0 0 0 0 679 3508 4460 5030 5467 5940 6140 5485 1301 0 0 0 0 
0 0 0 0 0 0 0 0 806 4202 5425 5655 6343 6539 7057 6220 1389 0 0 0 
0 0 0 0 0 0 0 0 0 920 4981 6087 6525 7008 7420 7741 7030 1440 0 0 
0 0 0 0 0 0 0 0 0 0 1103 5441 7232 7400 7889 8708 8845 7601 1702 0 
0 0 0 0 0 0 0 0 0 0 0 1224 6249 7955 8192 8619 9552 9585 8388 1942 
0 0 0 0 0 0 0 0 0 0 0 0 1316 6973 8802 9515 9661 9971 10404 9228 
0 0 0 0 0 0 0 0 0 0 0 0 0 1506 7683 9913 10411 10841 11084 11339 
0 0 0 0 0 0 0 0 0 0 0 0 0 0 1759 8776 11015 11242 11746 12147 
0 0 0 0 0 0 0 0 0 0 0 0 0 0 0 1941 9547 11667 12013 12606 


0 0 0 300 1359 431 0 0 0 0 0 0 0 0 0 0 0 0 0 0 
0 0 92 782 1290 1172 238 0 0 0 0 0 0 0 0 0 0 0 0 0 
0 82 507 883 1091 1272 1299 325 0 0 0 0 0 0 0 0 0 0 0 0 
34 415 696 962 1343 1538 1845 1793 429 0 0 0 0 0 0 0 0 0 0 0 
157 498 801 1191 1560 1781 2127 2449 2412 594 0 0 0 0 0 0 0 0 0 0 
60 544 888 1236 1652 1951 2315 2592 3053 3036 684 0 0 0 0 0 0 0 0 0 
0 125 892 1382 1876 2224 2567 2978 3331 3791 3562 821 0 0 0 0 0 0 0 0 
0 0 214 1279 1922 2439 2971 3533 3739 4185 4533 4268 900 0 0 0 0 0 0 0 
0 0 0 310 1915 2674 3201 3779 4178 4601 4994 5661 4946 1142 0 0 0 0 0 0 
0 0 0 0 443 2449 3551 4118 4552 5018 5448 5973 6723 6125 1346 0 0 0 0 0 
0 0 0 0 0 546 3118 4391 4963 5425 5964 6413 6942 7567 6846 1578 0 0 0 0 
0 0 0 0 0 0 691 3960 5263 5808 6341 6703 7501 7940 8633 7726 1638 0 0 0 
0 0 0 0 0 0 0 976 4813 6212 6806 7269 7982 8460 9254 9958 8580 1790 0 0 
0 0 0 0 0 0 0 0 978 5435 7118 7729 8247 8963 9439 10279 10688 9118 1925 0 
0 0 0 0 0 0 0 0 0 1286 6410 8172 9276 9578 10180 10815 11349 11882 10416 2187 
0 0 0 0 0 0 0 0 0 0 1378 7105 9439 10063 10619 11382 11813 12607 13131 11350 
0 0 0 0 0 0 0 0 0 0 0 1559 8377 10547 11576 11772 12272 12781 13584 14018 
0 0 0 0 0 0 0 0 0 0 0 0 1744 9195 11942 12865 13069 13864 14076 14821 
0 0 0 0 0 0 0 0 0 0 0 0 0 2011 10342 13827 13923 14335 14995 15742 
0 0 0 0 0 0 0 0 0 0 0 0 0 0 2165 11656 14380 15086 15229 16179 


0 0 0 0 386 1905 562 0 0 0 0 0 0 0 0 0 0 0 0 0 
0 0 0 167 1119 1643 1651 358 0 0 0 0 0 0 0 0 0 0 0 0 
0 0 142 840 1255 1496 1791 1668 444 0 0 0 0 0 0 0 0 0 0 0 
0 115 707 1159 1502 1658 2127 2498 2283 587 0 0 0 0 0 0 0 0 0 0 
60 555 924 1361 1801 2057 2389 2904 3300 3024 679 0 0 0 0 0 0 0 0 0 
206 748 1116 1528 1974 2386 2771 3178 3737 4242 3863 949 0 0 0 0 0 0 0 0 
63 631 1176 1632 2194 2685 3094 3503 4101 4619 4953 4613 1071 0 0 0 0 0 0 0 
0 132 1081 1844 2338 2948 3459 3977 4482 4900 5450 6073 5400 1247 0 0 0 0 0 0 
0 0 288 1700 2645 3086 3744 4374 4674 5490 5957 6649 7153 6368 1464 0 0 0 0 0 
0 0 0 395 2497 3419 4087 4693 5258 5825 6374 6869 7812 8391 7502 1667 0 0 0 0 
0 0 0 0 551 3233 4412 5244 5852 6269 6899 7614 8203 8924 9634 8554 1890 0 0 0 
0 0 0 0 0 725 3941 5549 6313 6655 7410 7986 8706 9100 10219 10912 9395 2047 0 0 
0 0 0 0 0 0 882 4951 6632 7162 7811 8332 9376 9793 10522 11395 11949 10556 2383 0 
0 0 0 0 0 0 0 1054 5725 7564 8197 8742 9805 10282 11042 11890 12417 12966 11684 2493 
0 0 0 0 0 0 0 0 1286 6715 8960 9393 10478 11139 12152 12746 13337 13756 14726 12847 
0 0 0 0 0 0 0 0 0 1443 7707 9886 11016 11688 12527 13305 13900 14469 15272 15783 
0 0 0 0 0 0 0 0 0 0 1618 8879 11590 12084 13076 13948 14539 14834 16117 16461 
0 0 0 0 0 0 0 0 0 0 0 1800 9779 12835 13401 14579 15049 16037 16908 17412 
0 0 0 0 0 0 0 0 0 0 0 0 2221 11366 14485 15509 16128 16765 17658 18445 
0 0 0 0 0 0 0 0 0 0 0 0 0 2433 12445 15840 16444 17279 18462 19112 


0 0 0 0 0 635 2801 802 0 0 0 0 0 0 0 0 0 0 0 0 
0 0 0 0 234 1737 2495 2242 472 0 0 0 0 0 0 0 0 0 0 0 
0 0 0 224 1297 1832 2142 2567 2374 612 0 0 0 0 0 0 0 0 0 0 
0 0 205 1180 1687 2093 2375 2887 3434 2825 662 0 0 0 0 0 0 0 0 0 
0 141 989 1612 2011 2519 2817 3415 3839 4123 3823 959 0 0 0 0 0 0 0 0 
70 713 1343 1862 2359 2886 3307 3888 4358 4855 5417 4634 1133 0 0 0 0 0 0 0 
247 897 1406 2008 2590 3027 3663 4226 4934 5328 5844 6256 5934 1281 0 0 0 0 0 0 
96 891 1523 2253 2770 3540 4039 4710 5447 5830 6421 7001 7604 6745 1478 0 0 0 0 0 
0 203 1467 2489 3132 3809 4485 5242 5858 6500 7050 7660 8389 8855 8015 1712 0 0 0 0 
0 0 399 2348 3332 4102 4984 5840 6452 6848 7796 8524 9256 9677 10177 9072 2020 0 0 0 
0 0 0 531 3310 4492 5256 6207 7035 7489 8521 8997 9994 10523 11404 11754 10529 2254 0 0 
0 0 0 0 736 4029 5688 6647 7412 8021 9025 9435 10399 11059 12016 12719 13418 11439 2439 0 
0 0 0 0 0 946 5019 6990 7907 8785 9591 10385 11210 11692 12829 13559 14249 14604 12908 2722 
0 0 0 0 0 0 1096 6196 8007 9112 9968 10795 11628 12259 13276 14061 14977 15450 16120 13937 
0 0 0 0 0 0 0 1371 7538 9769 10896 11423 12438 13592 14212 15480 15836 16517 17656 17582 
0 0 0 0 0 0 0 0 1685 8618 11160 12001 13219 14127 15177 16154 16728 17408 18503 19022 
0 0 0 0 0 0 0 0 0 1780 9658 12659 13910 14572 15996 16838 17465 18079 18872 19711 
0 0 0 0 0 0 0 0 0 0 2177 11151 14526 15329 16716 17709 18253 19026 19739 20734 
0 0 0 0 0 0 0 0 0 0 0 2370 12695 16048 17274 18369 19371 20340 21007 21718 
0 0 0 0 0 0 0 0 0 0 0 0 2709 13760 17883 19113 19982 20903 21885 22698 


0 0 0 0 0 0 806 3732 1128 0 0 0 0 0 0 0 0 0 0 0 
0 0 0 0 0 355 2233 3380 3089 605 0 0 0 0 0 0 0 0 0 0 
0 0 0 0 284 1752 2501 3000 3349 3057 705 0 0 0 0 0 0 0 0 0 
0 0 0 268 1733 2429 2825 3456 3786 4242 3960 866 0 0 0 0 0 0 0 0 
0 0 306 1614 2334 2939 3305 3996 4409 4909 5450 5160 1167 0 0 0 0 0 0 0 
0 199 1305 2068 2767 3413 3903 4533 5052 5573 6144 6618 6211 1302 0 0 0 0 0 0 
88 946 1647 2287 2945 3579 4330 4963 5609 6224 6731 7288 7948 7126 1603 0 0 0 0 0 
323 1151 1859 2602 3315 3944 4675 5422 6093 6891 7463 8263 8779 9369 8323 1772 0 0 0 0 
110 1136 1983 2810 3725 4394 5234 6059 6674 7432 8246 8928 9745 10449 10987 9743 2076 0 0 0 
0 262 1814 3051 3981 4782 5841 6516 7232 8189 9016 9734 10600 11154 11936 12903 11472 2349 0 0 
0 0 397 2779 4210 5094 6303 7157 7944 8741 9682 10284 11183 12067 13148 13793 14282 12763 2765 0 
0 0 0 615 3763 5414 6339 7642 8568 9209 10056 11078 12244 13063 13769 14556 15155 15967 14195 2915 
0 0 0 0 833 4683 6816 7764 9091 9716 11007 11668 12926 13668 14826 15539 16360 16749 18290 15646 
0 0 0 0 0 1053 6002 8387 9500 10479 11334 12116 13395 14133 15359 16438 17089 17812 18669 19658 
0 0 0 0 0 0 1348 7625 10165 11164 12191 13102 14643 15438 16364 17584 18532 19170 20293 20809 
0 0 0 0 0 0 0 1575 9072 11452 12685 13662 15047 16094 16840 18538 19140 20010 21119 21836 
0 0 0 0 0 0 0 0 1890 10137 13692 14333 15543 16510 17977 19333 20256 20872 22397 23070 
0 0 0 0 0 0 0 0 0 2152 11632 15323 16412 17000 18959 20115 21263 21983 22872 24180 
0 0 0 0 0 0 0 0 0 0 2617 13438 17632 18450 19989 21143 22238 23364 24408 25257 
0 0 0 0 0 0 0 0 0 0 0 2829 15013 19141 20667 21933 23089 23963 25103 25832 


0 0 0 0 0 0 0 1095 4926 1496 0 0 0 0 0 0 0 0 0 0 
0 0 0 0 0 0 491 3144 4302 3832 789 0 0 0 0 0 0 0 0 0 
0 0 0 0 0 394 2467 3317 3779 4234 3771 921 0 0 0 0 0 0 0 0 
0 0 0 0 384 2220 3267 3765 4220 4774 5002 4784 1036 0 0 0 0 0 0 0 
0 0 0 443 2292 3234 3820 4589 4978 5506 5911 6891 6169 1335 0 0 0 0 0 0 
0 0 310 2030 3072 3708 4380 5037 5685 6376 6882 7626 8499 7373 1663 0 0 0 0 0 
0 243 1626 2685 3408 3957 4719 5445 6332 6842 7601 8559 8815 9843 8554 1858 0 0 0 0 
106 1189 2133 2986 3756 4455 5284 6245 6866 7534 8101 9192 10061 10824 11221 9951 2190 0 0 0 
408 1461 2200 3237 4267 4981 5873 6933 7783 8654 9203 10023 10899 11796 12400 13181 11749 2406 0 0 
143 1342 2549 3438 4517 5479 6439 7487 8321 9281 9843 10723 11872 12632 13578 14217 15183 13140 2809 0 
0 305 2255 3835 4991 5853 6961 8085 9131 9883 10693 11932 12750 13437 14596 15620 16168 17195 15061 3150 
0 0 501 3354 5152 6383 7602 8586 9743 10473 11667 12481 13551 14281 15289 16669 17333 18087 19071 16615 
0 0 0 789 4821 6761 8033 9203 10408 11264 12303 13391 14357 15458 16272 17656 18378 19033 20637 21059 
0 0 0 0 990 5940 8131 9498 10874 11810 12722 13892 15033 15995 17273 18169 19150 20059 21428 21632 
0 0 0 0 0 1347 7180 10071 11804 12688 13799 14938 16230 17131 18833 19641 20817 21614 22810 23464 
0 0 0 0 0 0 1608 9001 12243 13593 14356 15510 16746 18114 19583 20513 21646 22564 23827 24411 
0 0 0 0 0 0 0 1904 10636 14083 15326 16115 17634 18831 20352 21728 22885 23486 24766 25481 
0 0 0 0 0 0 0 0 2288 12424 15829 17312 18490 19640 21166 22603 23880 24400 25955 27142 
0 0 0 0 0 0 0 0 0 2602 13815 18171 19385 20567 22054 23881 25108 25869 27226 28250 
0 0 0 0 0 0 0 0 0 0 2905 15695 20045 21812 23066 24586 25914 26501 28138 29130 


0 0 0 0 0 0 0 0 1457 6054 1753 0 0 0 0 0 0 0 0 0 
0 0 0 0 0 0 0 637 4042 5403 4647 963 0 0 0 0 0 0 0 0 
0 0 0 0 0 0 590 3276 4297 4685 4871 4566 1020 0 0 0 0 0 0 0 
0 0 0 0 0 556 3006 4332 4738 5163 5701 6158 5673 1131 0 0 0 0 0 0 
0 0 0 0 529 3095 4390 5063 5493 6216 6573 7306 7965 7065 1596 0 0 0 0 0 
0 0 0 474 2812 4099 5068 5832 6326 7178 7500 8336 8989 9696 8579 1881 0 0 0 0 
0 0 411 2616 3653 4448 5388 6246 7039 7613 8254 9071 9858 10734 11508 9800 2082 0 0 0 
0 268 1940 3381 4173 5020 5977 6809 7751 8392 9316 10231 11214 11803 12673 13241 11551 2451 0 0 
119 1433 2606 3597 4723 5361 6576 7510 8476 9334 10188 10908 12164 12839 13571 14470 15294 13195 2890 0 
532 1856 2802 3878 5013 5927 6970 8167 9336 9968 10876 12141 13128 14124 15176 15691 16599 17154 15332 3279 
150 1571 2984 4191 5513 6589 7546 9010 10084 10974 12122 13050 14345 15307 16119 17323 17443 18656 19751 17013 
0 390 2683 4467 5789 7097 8085 9613 10558 11768 12980 14140 15284 16272 17234 18454 18801 19697 21140 21757 
0 0 634 4044 6165 7446 8837 10199 11279 12414 13593 14976 15927 17186 18065 19455 20313 20965 22544 23111 
0 0 0 830 5484 7892 9042 10397 12005 13196 14028 15634 16744 18084 18975 20182 21512 21991 23286 23746 
0 0 0 0 1201 6911 9636 11307 13074 14011 15660 17015 18177 19370 20640 22115 23472 23941 25199 25777 
0 0 0 0 0 1536 8514 11670 13333 14667 16212 17432 19324 20355 21685 22776 24172 24908 26474 27408 
0 0 0 0 0 0 1859 10326 14048 15844 16849 18168 19856 21301 22741 23911 25035 26114 27524 29051 
0 0 0 0 0 0 0 2158 11973 16301 17872 18985 20815 22105 23867 25622 26433 27397 28757 30337 
0 0 0 0 0 0 0 0 2714 14291 18640 20430 21484 23382 25334 26865 27800 28579 30523 31400 
0 0 0 0 0 0 0 0 0 3040 16062 20724 22516 23763 25822 27522 29121 29954 31596 32780 


0 0 0 0 0 0 0 0 0 1616 7068 2056 0 0 0 0 0 0 0 0 
0 0 0 0 0 0 0 0 729 4791 6496 5714 1095 0 0 0 0 0 0 0 
0 0 0 0 0 0 0 679 3900 4886 5499 6110 5330 1165 0 0 0 0 0 0 
0 0 0 0 0 0 663 3814 5063 5687 6225 6960 7294 6272 1407 0 0 0 0 0 
0 0 0 0 0 656 4084 5287 6111 6775 7451 7851 8740 9117 8351 1821 0 0 0 0 
0 0 0 0 638 3694 5412 6180 6987 7694 8496 9133 9739 10412 11067 9965 2168 0 0 0 
0 0 0 587 3441 4915 5906 6790 7752 8461 9147 9925 10978 11471 12286 12961 11832 2449 0 0 
0 0 489 3115 4627 5470 6534 7336 8546 9255 10522 11101 12054 12506 13642 14537 15007 13137 2847 0 
0 401 2461 3878 5090 5885 7171 8165 9343 10026 11328 12214 13019 14033 14945 15706 16785 17389 15279 3200 
175 1800 3077 4295 5487 6385 7720 8958 10206 11097 12048 13241 14078 15117 16361 17430 18090 18700 19736 17283 
626 2217 3219 4711 5935 6934 8362 9795 11132 11908 13216 14481 15660 16446 17526 18810 19542 20178 21434 21996 
215 1952 3406 4871 6179 7615 8775 10379 11634 12823 14351 15118 16462 17593 18590 19897 20812 21424 23073 23801 
0 474 3163 5094 6894 8191 9790 11069 12576 13485 14764 16188 17697 18767 20093 21110 21976 22986 24133 24979 
0 0 727 4565 6874 8405 9892 11561 13408 14275 15407 17076 18715 19402 21061 22519 23357 24462 25638 25944 
0 0 0 1146 6422 8916 10673 12689 14122 15308 16992 18469 19976 21303 22751 23856 25407 26115 27186 28413 
0 0 0 0 1431 8101 11270 13009 14805 16033 17707 19261 20922 22071 23836 25241 26441 27241 29114 29366 
0 0 0 0 0 1754 10042 13759 15569 17086 18369 20284 21587 23176 25057 27016 27775 28917 30025 31430 
0 0 0 0 0 0 2216 12230 16394 17774 19485 20756 22776 24302 26012 28488 29212 29989 31654 32556 
0 0 0 0 0 0 0 2557 14382 19017 20567 22052 24243 25251 27571 28689 31056 32003 33085 34480 
0 0 0 0 0 0 0 0 3176 16164 21450 23188 24692 25966 28041 30043 31820 32839 34467 35515 


0 0 0 0 0 0 0 0 0 0 2012 8155 2232 0 0 0 0 0 0 0 
0 0 0 0 0 0 0 0 0 884 5695 7357 6459 1192 0 0 0 0 0 0 
0 0 0 0 0 0 0 0 886 4508 5829 6355 6752 5954 1418 0 0 0 0 0 
0 0 0 0 0 0 0 867 4696 6025 6775 7283 7865 8273 7461 1553 0 0 0 0 
0 0 0 0 0 0 909 4876 6405 7011 7753 8454 9167 9752 10392 9312 2115 0 0 0 
0 0 0 0 0 814 4813 6566 7423 8197 8921 9664 10427 11309 12123 12913 11195 2334 0 0 
0 0 0 0 791 4295 6430 7261 8240 9141 9856 10448 11657 12153 13225 14007 14412 12910 2871 0 
0 0 0 693 4162 5637 7176 8059 9176 9751 11024 12047 12620 13280 14396 15588 16477 16931 15040 3193 
0 0 551 3609 5449 6414 7642 8790 10013 10858 12087 12808 14208 14922 16200 17110 17948 18653 19695 17127 
0 462 2702 4591 6093 7011 8477 9774 10787 12021 12776 13915 15649 16151 17608 18930 19678 20260 21340 22124 
182 2098 3656 5030 6453 7383 8990 10602 11760 12805 13988 15351 16963 17790 19130 19817 21002 21544 23063 23657 
762 2529 3860 5336 6722 8100 9710 11104 12664 13869 15099 16506 17509 19117 20361 21575 22564 23481 24537 25472 
209 2207 4172 5583 7450 8638 10264 12088 13561 14804 15874 17768 18860 20232 21595 22775 24076 24528 26079 26971 
0 569 3625 5728 7628 9224 10685 12555 14107 15595 16645 18182 19849 21433 22404 24027 25428 25989 27645 28447 
0 0 861 5304 8385 10000 11515 13327 15042 16402 18308 19623 21323 22678 24443 25963 26972 28144 29347 30754 
0 0 0 1161 7247 10370 12011 14202 16227 17299 18969 20535 22368 23922 25453 27059 28449 29450 31000 32054 
0 0 0 0 1565 9536 12819 14692 16688 18424 20136 21681 23803 24862 26508 28603 29977 30935 32064 33575 
0 0 0 0 0 1939 11326 15744 17623 18936 20728 22328 24953 26201 28186 29933 31426 32458 33863 35369 
0 0 0 0 0 0 2364 13719 18212 19934 21918 23696 26079 27385 29681 31198 32778 34066 36326 37115 
0 0 0 0 0 0 0 2838 15813 20908 22821 24737 26935 28694 31111 32584 34395 35596 37380 38093 


0 0 0 0 0 0 0 0 0 0 0 2206 9824 2619 0 0 0 0 0 0 
0 0 0 0 0 0 0 0 0 0 1043 6327 8662 7235 1382 0 0 0 0 0 
0 0 0 0 0 0 0 0 0 1046 5266 6856 7507 7836 7042 1563 0 0 0 0 
0 0 0 0 0 0 0 0 1035 5457 7068 7940 8694 9174 9571 8364 1926 0 0 0 
0 0 0 0 0 0 0 1034 6028 7680 8520 9498 9960 10688 11308 12140 10731 2403 0 0 
0 0 0 0 0 0 1113 5939 7887 8847 9630 10518 11331 12334 13001 13918 14383 12562 2663 0 
0 0 0 0 0 932 5633 7823 8916 9605 10779 11650 12542 13229 14136 15224 16095 16765 14656 3092 
0 0 0 0 966 5081 7497 8522 9863 10695 11777 12806 14291 14668 15823 16827 17757 18264 19598 17023 
0 0 0 929 5040 6779 8195 9404 10645 12046 12863 13876 15437 16320 17540 18653 19175 20030 21226 22031 
0 0 618 4159 6298 7381 8994 10553 11901 12680 13876 15229 16849 17403 18964 20224 21063 21720 23162 23717 
0 503 3299 5497 6876 8090 9855 11479 12961 13925 15179 16636 17905 19227 20543 21677 22922 23533 24962 25987 
213 2306 4116 5885 7346 8851 10283 12168 13749 14881 16237 17758 19334 20531 21697 23180 24321 24873 26761 27646 
850 2826 4498 6286 7873 9421 11234 12931 14710 15970 17115 19097 20455 21804 23433 24577 26018 26764 28542 29455 
214 2461 4572 6381 8633 10043 11710 13583 15323 16655 17866 19669 21395 22519 24552 26331 27296 28265 29710 30794 
0 628 4322 6934 8860 10838 12643 14357 16491 17957 19844 20880 23013 24605 26304 28247 29536 30238 31913 32661 
0 0 951 6209 9330 11423 13085 15508 17686 18649 20708 22134 24164 25961 28037 29576 31056 31814 33510 35028 
0 0 0 1496 8480 11754 13764 16096 18293 19716 21424 23245 25478 26927 29013 30585 32632 33750 35036 36640 
0 0 0 0 1762 10585 14606 16915 19026 20871 22876 24731 26770 28091 30386 32245 33571 35105 36960 37693 
0 0 0 0 0 2241 12891 18096 19979 21710 24201 25833 28228 29720 31931 34469 35932 36955 39088 40288 
0 0 0 0 0 0 2810 15634 20841 22924 24915 26716 29367 31283 33603 35397 37497 38111 40401 41143 


0 0 0 0 0 0 0 0 0 0 0 0 2588 11067 3053 0 0 0 0 0 
0 0 0 0 0 0 0 0 0 0 0 1180 7214 9849 8465 1701 0 0 0 0 
0 0 0 0 0 0 0 0 0 0 1204 6135 7811 8462 9180 8309 1774 0 0 0 
0 0 0 0 0 0 0 0 0 1177 6332 8144 9270 9914 10475 11099 9474 2051 0 0 
0 0 0 0 0 0 0 0 1308 6970 9054 9795 10796 11481 12215 12632 13767 12059 2576 0 
0 0 0 0 0 0 0 1284 7100 9281 10286 11214 12197 12937 13739 14620 15581 16409 14219 2985 
0 0 0 0 0 0 1285 6811 9347 10335 11349 12501 13515 14247 15263 16142 16708 17724 18673 15964 
0 0 0 0 0 1065 6727 8976 10454 11374 12316 13701 14868 15665 16929 17890 18602 19434 20579 21151 
0 0 0 0 1123 5970 8744 10049 11503 12862 14061 14941 16255 17151 18575 19308 20519 21384 22630 23276 
0 0 0 1050 5737 7891 9540 11094 12477 13716 14992 16386 17585 18590 20254 21280 22396 23118 24663 25347 
0 0 780 5053 7431 8442 10413 12103 13565 14942 16095 17849 19205 20018 21757 23281 24258 25230 26397 27213 
0 622 3671 6204 7743 9334 11056 12651 14273 15786 17018 18746 20224 21432 23403 24420 25881 27349 28115 29176 
283 2611 4645 6545 8224 9773 11701 13748 15349 16852 18423 19887 21420 23134 24950 26312 27579 28880 30282 30834 
873 3142 4958 6948 8957 10385 12298 14230 15913 17652 19386 20987 22667 23791 25734 27398 28765 29993 31650 32407 
268 2774 5222 7415 9400 11509 13308 15003 17221 18939 21004 22641 24571 26052 28263 29434 31403 32273 33958 35276 
0 708 4729 7619 10186 12169 14094 16087 18352 20093 21842 23561 25841 27352 29411 31049 33071 33623 35687 36723 
0 0 1095 6723 10506 12576 14576 16910 19173 21085 22939 24738 27103 28279 30410 32703 34406 35392 37483 38548 
0 0 0 1584 9170 13268 15233 17380 20470 21731 24203 25901 28213 30051 32241 33634 35827 37417 39631 40686 
0 0 0 0 2090 11509 15942 18382 21126 22794 25185 27206 30146 31999 34095 35799 38050 39011 41348 42676 
0 0 0 0 0 2522 13581 19190 21704 23722 26270 28276 30511 32795 34999 37511 39187 40494 42627 43885 


0 0 0 0 0 0 0 0 0 0 0 0 0 2895 12075 3310 0 0 0 0 
0 0 0 0 0 0 0 0 0 0 0 0 1375 8336 10963 9452 1818 0 0 0 
0 0 0 0 0 0 0 0 0 0 0 1319 7050 9045 9563 10393 9106 1919 0 0 
0 0 0 0 0 0 0 0 0 0 1431 7230 9690 10210 11124 11496 12140 10700 2316 0 
0 0 0 0 0 0 0 0 0 1581 8155 10663 11628 12253 13112 13946 14344 15017 13240 2917 
0 0 0 0 0 0 0 0 1580 8365 11127 12248 13187 13957 15000 16178 16821 17226 18150 15836 
0 0 0 0 0 0 0 1608 8341 11028 12415 13241 14305 15418 16347 17176 18366 19225 20073 20557 
0 0 0 0 0 0 1583 8316 11003 12370 13545 14505 15880 17096 17828 19053 20214 21063 21837 22638 
0 0 0 0 0 1430 7931 10977 12037 13749 14580 16054 17434 18453 19546 20859 22082 23131 24383 24793 
0 0 0 0 1265 7175 10298 11799 13272 14500 15956 17336 18798 19774 21574 22704 23863 25273 26394 26996 
0 0 0 1137 6712 9060 11079 12891 14593 15803 17304 18618 20463 21556 22948 24680 25501 26950 28570 28999 
0 0 864 5580 8461 9723 11790 13753 15371 16764 18586 19628 21650 22964 24198 26343 27850 28690 30193 31197 
0 650 4173 7176 9137 10522 12576 14447 16369 18069 19680 21005 23244 24554 25939 27390 29328 30256 31882 33246 
255 3031 5244 7399 9250 11016 13406 15165 17032 19150 20738 22232 24228 25571 27801 29488 30816 32244 33537 35145 
1048 3556 5617 7888 9982 12009 14317 16268 18427 20261 22682 23950 26105 27587 30236 31752 33374 34512 36352 37979 
287 3196 5791 8065 10567 12776 14964 17093 19655 21538 23731 25297 27715 29296 31492 33107 34901 36043 38217 39534 
0 741 5246 8420 11215 13114 15825 18229 20435 22308 24573 26627 28967 30424 32252 35238 36627 37913 40216 41256 
0 0 1174 7682 11685 13823 16296 19041 21566 23805 25009 27557 30346 32088 34353 36821 38810 39381 41903 43883 
0 0 0 1738 10478 14837 17143 19666 22541 24583 27128 29176 32071 33770 36073 38331 40626 42291 44080 45828 
0 0 0 0 2223 12993 17807 20546 23414 25260 28142 30142 32908 34484 37395 40310 41737 43395 45982 47363 


0 0 0 0 0 0 0 0 0 0 0 0 0 0 3171 13532 3869 0 0 0 
0 0 0 0 0 0 0 0 0 0 0 0 0 1535 9322 12307 10851 1995 0 0 
0 0 0 0 0 0 0 0 0 0 0 0 1588 8298 10126 10448 11419 10030 2192 0 
0 0 0 0 0 0 0 0 0 0 0 1627 8396 10803 11656 12368 12835 13465 12031 2516 
0 0 0 0 0 0 0 0 0 0 1825 9445 12270 13137 13694 14884 15494 16041 16962 14888 
0 0 0 0 0 0 0 0 0 1792 9763 12700 13912 14467 15759 16700 17782 18382 19545 20113 
0 0 0 0 0 0 0 0 1884 9874 12972 13788 15113 15947 17268 18029 19376 19934 20998 21953 
0 0 0 0 0 0 0 1756 9855 12927 14642 15157 16935 18003 19049 19901 21234 22151 23141 23941 
0 0 0 0 0 0 1796 9447 12728 14252 15494 16913 18345 19536 21056 22161 23058 24633 25838 26333 
0 0 0 0 0 1535 9225 12256 14043 15619 17011 18318 20105 21150 22562 23990 25417 26078 27987 28756 
0 0 0 0 1472 8071 11821 13758 15456 16966 18520 19933 22034 22797 24593 25968 27347 28297 30017 31175 
0 0 0 1239 7476 10416 12786 14682 16432 18192 19655 21497 23070 24567 26074 27828 29490 30476 32301 32871 
0 0 913 6218 9601 11255 13409 15390 17632 19406 21249 22891 24817 26143 27586 29454 31183 32411 33888 35056 
0 685 4477 7830 10095 11819 13945 16250 18458 20003 21792 23675 25274 26977 29466 31393 32813 34477 35753 37289 
308 3322 5994 8344 10746 12856 15149 17256 20067 21857 23681 25635 27590 29489 31726 33514 34875 36243 38873 39550 
1151 3847 6252 8715 11316 13556 15677 18036 20492 23076 25226 27065 29167 30949 33055 35647 36926 37791 40302 41434 
372 3528 6679 9047 12042 14098 16710 19087 21541 23761 25956 28219 30429 32683 34982 37033 38574 40103 42146 43651 
0 856 5897 9569 12627 14587 17208 19968 22516 24886 27124 29714 32258 33614 36353 38431 40860 41907 44476 45715 
0 0 1388 8513 13177 15454 17917 21309 24156 26199 28001 31244 33826 35806 38714 40591 42949 44733 46426 48133 
0 0 0 1975 11376 16407 19049 21715 24955 27165 29395 31944 34615 37130 40065 42298 44818 46325 48801 50267 


0 0 0 0 0 0 0 0 0 0 0 0 0 0 0 3665 15646 4122 0 0 
0 0 0 0 0 0 0 0 0 0 0 0 0 0 1824 10572 13954 11411 2307 0 
0 0 0 0 0 0 0 0 0 0 0 0 0 1689 9155 11386 12102 12733 11131 2479 
0 0 0 0 0 0 0 0 0 0 0 0 1796 9608 12192 12894 13855 14182 14937 13064 
0 0 0 0 0 0 0 0 0 0 0 2079 10723 13539 14568 15092 16108 17004 17681 17891 
0 0 0 0 0 0 0 0 0 0 2035 10940 14787 15729 16604 17445 18370 19223 20450 20756 
0 0 0 0 0 0 0 0 0 2242 11229 14434 16167 16802 18314 18872 20029 21069 21943 22800 
0 0 0 0 0 0 0 0 2144 11599 15247 16212 17829 18873 19857 21281 22412 23596 24366 25134 
0 0 0 0 0 0 0 2166 11462 14858 16526 17716 19483 20459 21892 23349 24419 25947 26990 27665 
0 0 0 0 0 0 2061 11003 14567 16063 18085 19331 21203 22589 23760 25130 26688 27638 29105 29700 
0 0 0 0 0 1809 10377 14329 15816 17832 19671 20653 23056 23856 25891 27320 29105 29862 31372 32156 
0 0 0 0 1669 9084 13212 15338 17084 18743 20753 22159 24509 25921 27511 28814 30907 32091 33620 34597 
0 0 0 1446 8359 11540 14283 16312 18270 20165 22139 23923 26049 27224 29303 31647 32684 33881 35858 36997 
0 0 1024 7046 10566 12265 14486 16988 19096 21427 22997 25290 26967 28428 30690 32667 34277 35673 37142 38447 
0 817 5313 8949 11667 13237 15814 18169 20627 22798 24738 27137 28936 30641 32897 34669 36671 38172 40514 41917 
371 3734 6771 9285 11952 13945 16540 19210 21934 24049 25912 28317 30790 32245 34565 36587 38680 40545 42208 43587 
1231 4512 7073 9618 12363 14687 17192 19583 22597 25515 27112 29066 32164 34410 36255 38328 40688 41582 44689 46382 
397 3820 7411 10242 13013 15560 18221 21077 23864 25959 28566 30274 34156 35841 38450 40786 42730 44362 46703 48400 
0 943 6393 10373 14029 16464 19400 22062 25312 27428 29831 32329 35617 37612 40813 42630 44723 47007 48844 50277 
0 0 1463 9166 14139 16690 20041 22943 25932 28320 30725 33723 36473 38672 41831 43829 46181 48500 50920 51994 


0 0 0 0 0 0 0 0 0 0 0 0 0 0 0 0 3993 16618 4518 0 
0 0 0 0 0 0 0 0 0 0 0 0 0 0 0 1964 11474 14905 12695 2441 
0 0 0 0 0 0 0 0 0 0 0 0 0 0 2065 9922 12715 13151 13629 11969 
0 0 0 0 0 0 0 0 0 0 0 0 0 2001 10745 13310 14264 15011 15545 15795 
0 0 0 0 0 0 0 0 0 0 0 0 2242 12057 14875 16113 17100 17659 18713 19078 
0 0 0 0 0 0 0 0 0 0 0 2291 12564 16363 17390 18682 19824 20330 21232 21833 
0 0 0 0 0 0 0 0 0 0 2566 12816 16590 17742 19029 20121 20877 22083 23364 23703 
0 0 0 0 0 0 0 0 0 2535 13092 16947 18568 19758 20973 22218 23245 24202 26016 26095 
0 0 0 0 0 0 0 0 2423 13146 17379 18586 20236 21537 23250 24434 25846 27125 28156 28991 
0 0 0 0 0 0 0 2371 12831 16796 18639 20182 22244 23329 24865 26206 27755 28755 30649 31548 
0 0 0 0 0 0 2326 12477 16344 18516 20073 21804 23981 25297 26651 28622 29923 31332 32742 33768 
0 0 0 0 0 2053 11731 16100 17785 19795 21924 23606 25509 26679 28653 30266 32012 34274 35203 36446 
0 0 0 0 1832 10203 14730 17103 19019 20855 23055 24787 27053 28742 30723 32641 34338 35456 37221 38590 
0 0 0 1521 9454 12830 15584 17689 20270 22282 24204 25947 28417 29926 32264 34306 35682 37741 39221 41078 
0 0 1168 7647 12218 13921 16829 19572 21925 24134 25955 28152 30366 32680 34699 36738 38926 40494 42384 44246 
0 923 5713 9829 12462 14632 17477 19985 22790 25193 27270 29577 31763 34025 36511 38581 40811 42332 44289 46066 
392 4123 7381 10297 13296 15521 18334 20942 24019 26490 28716 31103 33628 35868 38035 40110 42632 44696 46322 48173 
1431 5031 7669 10354 13903 16295 19158 21951 25246 27705 30233 32382 35460 37430 40149 42558 44626 46488 48824 50624 
398 4448 7998 11210 14664 17294 20272 23566 26512 28808 31673 34081 37497 39193 42182 44886 47506 48601 51552 53077 
0 1026 7203 11537 15111 17730 20887 23976 27167 29918 32429 35504 38646 41285 43729 46422 48952 50987 53229 55118 


0 0 0 0 0 0 0 0 0 0 0 0 0 0 0 0 0 4393 18291 4838 
0 0 0 0 0 0 0 0 0 0 0 0 0 0 0 0 2193 12543 16403 13840 
0 0 0 0 0 0 0 0 0 0 0 0 0 0 0 2282 11233 13906 14432 15124 
0 0 0 0 0 0 0 0 0 0 0 0 0 0 2303 11763 14814 15661 16780 16879 
0 0 0 0 0 0 0 0 0 0 0 0 0 2538 13397 16795 17686 18638 19445 20065 
0 0 0 0 0 0 0 0 0 0 0 0 2723 14307 18410 19229 20255 21259 22526 22738 
0 0 0 0 0 0 0 0 0 0 0 2766 14782 18648 20133 21100 22048 23078 24338 25207 
0 0 0 0 0 0 0 0 0 0 2908 14917 19386 20843 21999 23304 24253 25289 26912 27704 
0 0 0 0 0 0 0 0 0 2771 15382 19228 21126 22871 24197 25959 27092 27953 29714 30508 
0 0 0 0 0 0 0 0 2771 14729 19803 20988 23296 24358 25922 27538 28991 30428 31893 32596 
0 0 0 0 0 0 0 2868 14680 19070 21059 22595 25428 26424 28623 29713 31662 33096 34523 35529 
0 0 0 0 0 0 2603 13968 18633 20526 22903 24610 26934 28345 30221 32154 33652 34911 36826 38097 
0 0 0 0 0 2125 13259 17913 19603 22065 24331 26088 28529 29842 32128 33877 36126 37891 38929 40224 
0 0 0 0 1991 11049 16404 18464 20748 22733 25378 27641 29656 31387 33431 35989 37433 39672 40861 43219 
0 0 0 1880 10720 14434 17532 20235 22734 24947 27533 29235 32142 34445 36440 38253 40505 42372 44425 46196 
0 0 1287 8690 13298 15168 18412 20980 24094 26345 28903 31105 33339 35775 38388 40338 42733 44561 47083 48494 
0 1090 6527 10769 13655 16222 19445 22432 24993 27640 30055 32294 35489 38001 40039 42034 44788 46445 48841 51009 
446 4388 8007 10947 14361 16748 20218 22987 26342 29225 31275 34157 37133 39448 41931 44618 46549 48472 51196 53043 
1566 5175 8542 11530 15448 17890 21379 24584 27818 30519 33541 36380 39522 41590 44633 46992 49274 51357 53735 55709 
458 4705 8638 12034 15913 18233 21651 25049 29020 31608 34097 36821 41148 42511 46117 48962 51556 53412 55730 57447 


0 0 0 0 0 0 0 0 0 0 0 0 0 0 0 0 0 0 4738 19337 
0 0 0 0 0 0 0 0 0 0 0 0 0 0 0 0 0 2288 13248 17715 
0 0 0 0 0 0 0 0 0 0 0 0 0 0 0 0 2458 12135 14885 15486 
0 0 0 0 0 0 0 0 0 0 0 0 0 0 0 2403 13288 16600 17209 17544 
0 0 0 0 0 0 0 0 0 0 0 0 0 0 3047 14692 18324 19309 20297 20855 
0 0 0 0 0 0 0 0 0 0 0 0 0 2952 15817 19834 20985 21894 23026 23831 
0 0 0 0 0 0 0 0 0 0 0 0 3194 16271 20532 22086 22926 24183 25353 26077 
0 0 0 0 0 0 0 0 0 0 0 3062 16805 21376 22777 24346 25236 26855 27772 28934 
0 0 0 0 0 0 0 0 0 0 3202 17069 21635 23082 24860 26511 27855 29180 30674 31866 
0 0 0 0 0 0 0 0 0 3160 16911 21610 23642 25460 26900 28983 30207 31505 33018 34396 
0 0 0 0 0 0 0 0 3179 16890 22157 23651 25871 27678 29541 31252 32730 33949 35495 36706 
0 0 0 0 0 0 0 3072 16095 21505 23585 25465 27737 29388 31253 33284 35110 36377 38020 39789 
0 0 0 0 0 0 2949 15444 20225 23105 25065 26834 29645 31073 33423 35547 37128 39321 40722 42280 
0 0 0 0 0 2365 14480 19519 21592 23971 26021 28211 31186 32568 35278 37272 39239 41054 42617 44670 
0 0 0 0 2320 12140 18332 21101 23539 26127 28591 30749 33381 34991 37976 40238 42442 44088 45833 47744 
0 0 0 1856 11244 15637 18981 21862 24608 26892 29818 32544 35016 37216 39441 41951 44166 45735 48384 50079 
0 0 1401 9210 14311 16514 20350 22551 25741 28416 31087 33635 36652 39045 41663 44391 46392 48643 50737 52063 
0 1094 6909 11375 15261 17342 21221 24119 27069 30154 32824 35200 38610 41178 44015 46743 48667 51360 53288 54716 
456 5094 8601 12322 15868 18300 21947 25680 28662 31697 34618 37616 40742 43118 47023 48892 51687 53982 56317 57860 
1589 5703 9154 12397 16176 19153 22959 26058 29584 32590 35957 38729 42221 45038 48071 50399 53135 55416 57953 60402 


