11475 34155 55756 76806 96656 117375 134796 154343 171623 187023 201413 218608 234847 248127 262737 277754 288340 301265 311757 324025 335675 345780 353397 361964 369844 378090 385469 391567 398093 402513 404793 410464 414507 419413 419942 422124 425785 425469 425141 425099 425891 427041 426362 425343 423840 420345 418678 415304 409272 407287 
11521 33384 55153 75871 95363 114706 133846 152249 169967 186378 202400 217628 233632 246932 259781 273125 285397 296906 308429 320133 329933 341163 350324 358797 367137 374397 380108 387099 392636 396323 401152 403222 409226 413963 414859 418290 419937 420663 421417 420946 421853 423085 420959 418623 418649 417246 414084 410846 406396 402332 
11420 32996 53816 74462 94045 113435 132062 149233 167910 184837 201225 215164 230621 245145 257205 269856 280878 293977 305312 315303 325651 337076 347618 355138 361144 371227 376735 382899 389620 394891 397991 399675 405561 409655 411396 413252 413689 416239 417607 417452 417304 417449 417528 414708 413190 413382 408641 405971 400792 397138 
11170 32669 53127 73106 93423 112914 130625 148904 165437 181240 197940 212892 227306 242015 253764 266695 278950 291673 303044 311198 322679 331614 342599 348234 356808 364790 372840 377815 385168 389025 392463 396748 399410 401522 405783 408125 410246 410827 411332 412576 410569 411356 413144 410666 408735 405724 404201 399580 394838 390420 
11040 32106 52786 71967 91928 111027 128864 147209 163177 179515 195335 209972 224220 237743 251372 264182 275215 286157 298620 308643 316769 327312 336221 345492 353695 359150 366389 371598 378661 382516 384929 390819 393872 398046 399954 404834 403794 405094 405750 407069 408820 405880 405784 404095 403242 402844 398167 396699 391064 386401 
10939 31784 52403 72276 91086 108745 127917 144172 160635 176739 192041 207499 221744 235208 247439 259802 271527 283516 294111 302024 311794 323131 331677 340445 347701 354685 360327 366716 370974 375460 380301 387018 387667 391124 394238 397286 397213 400216 400125 399536 400773 399790 398722 398261 396445 395107 390895 388068 385035 381635 
10761 31518 51431 71020 90049 107982 126198 143646 158800 174119 189379 204359 218526 231253 244517 255614 267051 280035 289108 300630 309551 319282 328684 336554 341105 349875 356300 360928 368042 372444 376922 379928 384075 386474 389779 392987 393665 394754 395006 396338 395321 396106 393544 393949 391409 390352 387489 384169 379553 376028 
10620 30501 50660 70298 90030 107124 124843 141670 157867 172847 188224 201826 215559 228565 241363 252613 264905 276590 286036 297562 307406 314864 324153 333534 338722 346830 353613 358227 364018 368547 371225 375993 379187 382357 385306 387647 389128 390692 391080 391998 389517 390306 388946 389090 388748 386235 382230 378736 375104 371664 
10396 30688 50293 69822 88211 105759 122242 139246 155630 169544 184954 198226 212990 226086 237960 249836 260454 272416 283046 292414 303652 311303 320549 328990 334956 340958 347663 354057 358436 363075 365946 371383 373741 377124 379934 381143 383074 385363 387188 386621 385139 385071 385535 383448 381520 381016 375859 375306 370448 367494 
10303 30427 50159 68551 86757 103688 120607 138461 153546 169528 183591 196620 209568 222519 234067 246957 258113 269648 278849 289152 297892 306075 314281 323482 331327 336695 342919 349325 354835 358353 361089 366354 369320 373070 374834 375873 379207 380446 381202 381522 381059 381171 379983 378815 376212 374691 371182 368521 364583 361228 
10190 30453 49279 68436 85760 103355 119443 135661 150618 167257 181365 193647 207255 219706 231295 243488 254630 266285 276813 285684 294905 301392 310334 319085 326888 332134 338502 345542 350415 354646 358576 361791 365185 367445 370845 373914 374810 375170 376818 377551 376810 376903 375412 375315 372515 370288 366406 364191 360787 357793 
9896 29598 48821 67638 85303 102809 117220 134159 150064 164956 179037 191616 204136 217794 229528 240255 251190 261308 273429 282856 292465 301166 307773 315848 324138 330504 335885 340834 345919 351238 352892 355798 361002 364642 366018 369072 370994 371200 371387 373598 372604 373373 372708 370614 369392 366000 364105 361777 357183 354560 
9799 29183 48468 66568 83430 100331 116575 132833 147589 162460 177732 189183 203588 215717 226346 237052 247921 259397 269642 280099 288320 296539 304223 313062 319483 325428 332117 336735 342013 347493 348517 354119 356642 360234 361386 366035 365542 367606 368264 369605 367342 367523 366922 366316 363541 363333 361241 356178 354350 350982 
9766 28728 48021 66171 82737 99931 116224 131242 146695 159854 174833 186960 200612 212649 224406 235031 244505 254791 265460 275083 285730 293370 302648 308129 314356 321315 327361 332792 338692 340457 343985 347780 350333 355195 356842 359762 361125 362553 362712 363014 363025 362989 363196 361922 360337 358763 355454 351364 348201 345946 
9742 28998 46656 64709 81484 98238 113591 128849 143650 157639 171293 185122 197396 210053 220807 231649 242680 251895 261035 271777 281526 290329 296746 304576 311081 316638 323410 328027 332116 336010 339980 344628 347045 350468 353081 355398 356585 357514 359448 359822 359917 358040 357934 356705 354624 353236 351352 348374 344524 341403 
9206 28240 46202 63234 80070 96529 112343 127068 141122 155694 169356 182632 194321 205681 217004 229971 239680 247414 258613 267148 276164 284948 291376 299393 307195 312850 318889 321977 328142 332441 336741 341296 343037 345138 347229 350119 352532 354547 353394 353796 355144 353031 352929 350163 347534 346996 346148 341545 338287 335255 
9412 27527 45493 62612 79368 94257 108999 125092 139684 153956 166894 178738 189827 201867 213715 225492 235594 243675 254275 262105 271278 279058 288035 296819 301116 309083 314772 318118 322888 327127 331439 335715 338727 340147 342688 345912 347660 349800 347146 348098 349317 349511 346497 345254 344388 342573 339710 336050 333981 330721 
9359 27432 44846 61589 77831 94014 108628 122983 137659 151818 163891 177193 189286 200474 211617 220703 230910 240194 250114 259932 267662 274520 283591 290525 296482 302826 308344 312452 317488 321382 327839 329873 333290 335439 339012 340464 342321 343222 343125 342646 341844 341249 341760 340628 338752 337439 334983 330773 328196 326425 
9151 26953 44276 60216 76358 91502 106770 120302 135529 149455 161540 173313 185352 196564 207071 218308 227611 237101 245259 254979 263929 271794 278871 284055 291424 297229 302454 308926 311847 315832 321843 325104 327705 328404 332544 336173 336989 336757 336561 335958 336004 337001 335384 334008 333871 332763 329198 327201 323891 320647 
8814 26452 43075 59474 75352 89547 104632 119150 132836 146229 158810 170841 182845 193567 203292 214583 223840 232501 241096 250344 259406 266458 273286 281119 287513 292948 297811 303958 307162 310721 313427 318229 322768 324311 326796 328914 331050 330518 332804 332493 331615 332048 332536 329450 328154 326485 323895 321895 317957 314966 
8985 26334 42827 58108 73787 89580 102986 118008 130567 144700 156602 168321 179469 189756 200838 210330 219529 229548 238131 245966 254491 262413 268990 276089 283920 287565 293995 298581 302510 305981 309867 311575 317131 318554 320626 321450 326089 325863 326304 328052 328203 328110 327252 323359 321279 320073 318967 315785 312340 310145 
8790 25619 41918 58442 72927 88473 104010 116301 130534 143596 154980 165848 177731 189210 197706 205456 217858 225527 233641 242569 252096 259698 267925 272874 279198 284194 289913 294862 299019 302434 305524 308854 311952 313334 317162 318804 320496 321271 323382 322271 322704 323188 322308 319285 317153 315105 313081 311506 307346 305569 
8506 25193 41353 57604 72000 86818 100041 114265 126795 140412 152296 162909 175338 185683 195134 204089 213415 223417 231241 240090 248131 255940 262660 269076 275248 282205 284379 290625 294885 299253 300345 305033 307233 309319 313789 313096 315375 317980 317294 317662 318107 317151 317131 316289 314425 311516 310229 307238 303226 301537 
8216 24822 40762 55865 70877 85234 99582 112671 125495 137863 149496 160319 171581 180766 191344 201254 210483 218817 227747 236635 244287 251984 257925 266872 273368 275983 281676 286113 291132 294024 298855 301621 303447 306460 309397 308520 310938 312067 312984 312346 313019 310983 311131 311745 309905 306925 305491 300881 297322 296706 
8122 23886 39698 54706 69316 83825 97614 109907 122998 136126 147393 157367 168243 178128 187684 197364 207159 216205 223506 232282 239378 247250 255894 260958 267530 271700 276543 281789 285010 289292 292242 295846 298194 301047 302510 306497 305875 306467 307095 305822 307069 306658 307655 304926 305380 301004 298556 296231 292270 290760 
8173 23370 38679 53862 68266 82302 94960 108118 120910 132152 143587 153713 164975 174166 183795 193858 203220 211756 220209 228136 235208 242412 248675 255314 261075 266392 270618 274864 279649 282490 288145 289176 292582 295869 297207 298673 299676 300841 302046 301270 301841 301878 299917 297905 297328 296132 294523 291308 288513 285714 
7951 23501 38507 52955 66897 80138 93219 106321 118088 129959 141098 152043 161544 172028 181439 190503 197991 207143 215020 223587 230555 237431 245333 250334 257343 261292 267041 270340 274432 277976 281222 284374 286131 289859 290704 292332 293875 294648 294787 293727 294316 293635 293384 294173 293448 290690 288810 285064 282954 280328 
7908 23211 37451 51541 65607 79192 92257 103564 115725 127896 138280 148109 158674 166983 176383 185591 193416 202732 210356 218861 227074 233519 240127 245755 250877 256641 261282 264741 268757 272736 275851 278067 280530 283734 285513 287118 288192 288186 289317 288919 290344 289699 288557 286213 285777 284998 282631 282756 278540 275041 
7436 22243 37272 50783 64479 77560 90674 102208 114171 124412 135266 144833 154609 164298 172723 181778 190123 199228 206036 213247 220801 228871 234261 239354 245710 250073 256438 260230 263862 264960 270550 271477 275438 277868 280322 281400 282534 282503 282727 282832 282741 281805 281059 281173 281080 278594 277589 275299 272320 268233 
7264 21752 36614 50100 63216 76216 88115 100014 111089 121685 132071 142490 151791 161041 170008 179170 185714 194222 201801 207907 216960 224017 229571 235048 240434 245570 250588 256698 258474 261169 264347 268182 269852 270417 273112 275941 276867 276312 278128 278107 278550 277966 275574 275888 275228 271609 270452 269097 266829 262537 
7249 21774 35406 48714 61720 74252 85512 96918 108730 119483 129343 139102 148746 157908 167484 175282 182958 191224 197967 205234 212322 220510 225119 230388 235409 240950 244870 249529 253149 256847 259658 262776 264925 268126 269000 269498 271503 273280 272462 272319 273603 272387 271483 269926 268260 265975 264600 264621 261500 257917 
7260 21377 34934 47958 60043 72072 84154 96257 107137 118059 127229 137250 145641 155800 163589 171806 180581 187714 194560 201848 209585 214639 220007 225552 230525 235830 240814 243247 247820 249820 253044 255942 259706 261110 262011 263671 265614 267253 268306 268443 266487 264832 264163 264316 262486 261269 258378 258800 255981 254621 
6783 20516 34124 47013 59097 71800 82823 94359 104319 115346 125317 135705 144921 153023 161374 169123 176594 183308 191054 197577 204919 210495 215609 221215 227326 231362 235378 238762 243655 247990 249484 251575 254495 255919 256693 259272 260907 260847 262469 262583 261018 259697 258276 259469 256741 257512 255014 253060 250991 248437 
6609 19926 33446 46106 57962 69798 81374 91608 102612 113537 122813 133637 141607 149473 157996 165853 171741 179255 186331 195416 201084 206852 211508 218280 222883 228047 231951 236029 239921 242481 244333 246916 250107 251931 253348 255328 255358 256381 256571 255598 255232 254394 253915 253665 252001 251707 251011 248698 246740 243973 
6507 19629 32586 45068 57100 68411 79696 90706 100699 111068 120443 129635 137548 146643 155226 161991 170012 176117 182970 190452 196804 203223 208003 213323 218234 223674 226941 231282 233930 237210 239305 241874 243994 244980 247750 249666 250509 251273 250658 251136 251339 251151 249937 250166 249341 247100 246215 242875 241714 238538 
6518 19347 32017 43636 55154 67646 78956 89220 99800 108952 118779 127109 134292 143539 152167 158932 166066 173618 180548 187107 192777 198538 204568 209465 214301 218412 222139 225504 229534 232476 235759 237588 240202 241452 243063 243761 244438 246315 246821 248194 246665 246892 245635 245434 243377 242332 239797 238725 237698 234747 
6406 18756 31457 43366 54297 65501 77015 87260 97128 106650 116477 124643 133374 140083 148409 156644 162868 169363 177129 183523 188633 194971 200213 205405 209145 214733 218022 220584 223979 228922 231159 233629 236009 237202 239078 240123 240649 241292 242186 243058 241821 240842 240095 240115 239005 237527 236087 234286 232541 229129 
6263 18675 30634 42265 53703 64808 74847 85697 95369 104797 113140 122005 130678 138066 146168 153398 159656 166125 172706 178666 184181 190640 195701 200343 204666 208644 212711 216559 219612 222140 225536 226922 230104 231358 234148 236330 237540 236595 237167 236936 237790 236441 235648 236705 235360 232648 231551 228837 225212 225524 
6260 18091 30015 40913 52164 62835 73398 83481 92814 102765 111146 119544 128304 136108 141832 149653 156385 162189 169330 174926 180684 186911 192420 196099 200761 204550 208317 212192 214350 217321 219937 223383 225922 227522 228115 229382 230798 229926 231573 232520 231198 231889 230870 229938 229137 228795 226617 223825 221593 219479 
6074 18144 29753 41024 51164 62306 71264 81214 90703 99679 108377 116260 125035 131164 139373 146361 152810 158985 164498 170414 176981 183899 187993 192474 195425 201827 204523 206971 209455 212252 216170 217238 219571 221375 221479 223899 227016 225725 225007 227107 224582 224602 225843 224263 223575 224181 221211 219833 217120 214926 
5797 17683 28906 39679 49873 60735 70615 79331 89408 98408 106569 114491 122542 130034 137098 143220 150706 155213 162374 166801 173375 178875 182881 187933 192033 196671 199586 203135 204841 207769 210759 213451 215013 217258 218370 220318 221057 220972 220682 220696 220373 220475 220029 218798 219045 218112 216335 214819 212467 210526 
5556 17063 27755 39058 48784 58962 68170 78084 87217 95151 103354 112021 118516 125725 133381 140480 145833 151525 157881 163607 168918 173701 178704 183180 187796 191504 194911 197669 200111 203173 204492 208386 208935 211083 213309 214550 215300 215081 214840 215441 217361 215483 214062 214424 213278 212716 210948 209125 207692 205898 
5454 16779 27200 38171 47366 57837 67196 76246 84278 92871 101123 108193 115157 122394 130142 136248 142265 147978 153771 159276 163912 168683 173965 178528 182741 187361 190050 193464 194965 197689 199792 201856 203736 205748 207914 208506 209376 209709 210288 209593 209903 210014 209951 210852 210577 207515 206730 204190 202780 201145 
5438 16436 27083 36901 46609 56264 65740 74860 82712 90354 98450 106733 113573 120255 126909 131972 138521 144426 149900 155192 160134 164094 169748 173814 178880 180698 184273 188738 190576 192854 195939 198300 199399 200529 201982 203283 203483 204413 205619 204664 204691 204441 204791 203983 204764 202968 202407 200581 197778 196937 
5235 16140 26378 35419 45476 54922 64227 72971 80349 88587 95584 103272 110419 117004 122391 129472 135519 141102 146272 151455 155777 160148 164898 168911 173492 176783 180069 181851 184971 187656 189891 192188 195115 196185 197075 198205 199443 199641 200947 200197 200118 199958 199104 198217 199288 197528 196878 195245 193027 190777 
5307 15728 25158 34782 43823 52800 62287 70926 78571 85934 93737 100953 106993 113814 120101 125554 132005 136859 142139 146674 151124 156463 159963 164540 168176 171557 174722 177978 180572 182544 184312 186420 189867 190544 191092 191766 192799 193768 193448 194037 194274 195237 193823 192969 193885 191604 191260 189912 187469 186177 
5175 15212 24680 34008 43141 52485 60494 68359 76468 83774 90481 96802 104192 110444 116535 121927 128198 133692 138969 144280 148494 152344 156115 159254 164645 168026 169793 174367 177169 178946 180416 183120 183582 186590 186355 188082 188476 188410 189577 189178 189434 189081 188509 187862 188405 187923 185495 185609 183842 181201 
5149 15197 24349 33387 42233 50397 58457 66428 74399 82277 88694 94927 101204 108192 113549 119483 124558 129606 135173 139729 145151 149492 152728 157465 161292 163907 166039 168209 172176 173592 176514 177144 179983 180952 182719 182574 183698 185027 184981 184328 184659 184436 183695 183572 183930 182311 181089 180071 178857 178413 
5056 14324 23592 32040 40438 48859 57929 64556 72117 80071 86592 92292 98669 104464 111154 116059 121143 127053 131252 135605 141107 144281 147956 152293 155746 158656 162702 164643 166187 168730 170921 173438 175629 176005 177414 178909 181020 181072 179633 181197 181190 181576 179360 179553 179763 178877 178407 175776 174622 173202 
4971 13996 22794 31621 39564 47366 55467 62719 70216 77579 83792 90927 96420 101539 107268 113993 118522 123835 128844 133837 137317 140260 143656 147370 150896 153550 156469 159170 162229 163382 166117 168560 170759 171379 171156 172173 173176 174964 175177 174887 174861 175606 174739 175304 174557 174784 173226 170982 169372 168048 
