20004
75952
77606
81672
102198
136048
177348
223928
274818
329354
386984
447104
512622
586994
667474
747610
839312
940330
1.04508e+06
1.15522e+06
1.26568e+06
1.38689e+06
1.51432e+06
1.64133e+06
1.7738e+06
1.91199e+06
2.05973e+06
2.21802e+06
2.37322e+06
2.54662e+06
2.71843e+06
2.88595e+06
3.06931e+06
3.25339e+06
3.44923e+06
3.64737e+06
3.84836e+06
4.06091e+06
4.27358e+06
4.50354e+06
4.74114e+06
4.98897e+06
5.23324e+06
5.48993e+06
5.75686e+06
6.01005e+06
6.28036e+06
6.54993e+06
6.82875e+06
7.12018e+06
7.42709e+06
7.73439e+06
8.05725e+06
8.36605e+06
8.6703e+06
8.98622e+06
9.30958e+06
9.6399e+06
9.9819e+06
1.03239e+07
1.06733e+07
1.10425e+07
1.13895e+07
1.17445e+07
1.21073e+07
1.24879e+07
1.28709e+07
1.32657e+07
1.36614e+07
1.40586e+07
1.44542e+07
1.4845e+07
1.52582e+07
1.56651e+07
1.60918e+07
1.6549e+07
1.70024e+07
1.74352e+07
1.78808e+07
1.83295e+07
1.87822e+07
1.92485e+07
1.97451e+07
2.02286e+07
2.0703e+07
2.1199e+07
2.17064e+07
2.22245e+07
2.27659e+07
2.32646e+07
2.37986e+07
2.43305e+07
2.48718e+07
2.5429e+07
2.59665e+07
2.65072e+07
2.7087e+07
2.76781e+07
2.82577e+07
2.88205e+07
