975
6917
18206
36337
59614
88985
123186
163895
209266
261621
319633
385586
454203
531112
611309
697440
792696
894369
1.00083e+06
1.10695e+06
1.22312e+06
1.34435e+06
1.47586e+06
1.61178e+06
1.74961e+06
1.89843e+06
2.04815e+06
2.20524e+06
2.37012e+06
2.54022e+06
2.71281e+06
2.89412e+06
3.07808e+06
3.27047e+06
3.46885e+06
3.67e+06
3.87886e+06
4.10298e+06
4.32478e+06
4.55157e+06
4.77812e+06
5.02273e+06
5.26932e+06
5.52369e+06
5.77905e+06
6.04715e+06
6.30497e+06
6.582e+06
6.85971e+06
7.14983e+06
7.43995e+06
7.73258e+06
8.03607e+06
8.34401e+06
8.65407e+06
8.96779e+06
9.30355e+06
9.63608e+06
9.97015e+06
1.03118e+07
1.06595e+07
1.1022e+07
1.1376e+07
1.17379e+07
1.21123e+07
1.24823e+07
1.28675e+07
1.32699e+07
1.36602e+07
1.40745e+07
1.44832e+07
1.48908e+07
1.53129e+07
1.5728e+07
1.61665e+07
1.65992e+07
1.70369e+07
1.7498e+07
1.79545e+07
1.84213e+07
1.88928e+07
1.93639e+07
1.98408e+07
2.03116e+07
2.08036e+07
2.13058e+07
2.1812e+07
2.23286e+07
2.28307e+07
2.33447e+07
2.38906e+07
2.44158e+07
2.49585e+07
2.5508e+07
2.60226e+07
2.65822e+07
2.71335e+07
2.7697e+07
2.82849e+07
2.88514e+07
