970
6824
18620
36354
59302
88460
123396
164464
210608
263884
322024
385694
455852
533612
613824
699882
793988
892804
997608
1.10822e+06
1.22675e+06
1.3466e+06
1.4754e+06
1.61003e+06
1.74954e+06
1.89409e+06
2.04631e+06
2.20427e+06
2.36592e+06
2.53386e+06
2.70818e+06
2.89041e+06
3.0757e+06
3.27274e+06
3.47161e+06
3.67059e+06
3.88062e+06
4.09657e+06
4.32407e+06
4.55141e+06
4.78484e+06
5.02231e+06
5.26482e+06
5.51115e+06
5.76973e+06
6.03431e+06
6.3008e+06
6.57673e+06
6.85536e+06
7.14423e+06
7.43408e+06
7.73723e+06
8.04039e+06
8.33884e+06
8.65464e+06
8.97894e+06
9.30385e+06
9.63659e+06
9.97964e+06
1.03138e+07
1.06623e+07
1.10239e+07
1.13787e+07
1.17477e+07
1.21204e+07
1.25056e+07
1.28914e+07
1.32815e+07
1.36659e+07
1.40732e+07
1.44953e+07
1.48993e+07
1.53185e+07
1.57436e+07
1.61746e+07
1.66185e+07
1.70585e+07
1.75003e+07
1.79647e+07
1.84148e+07
1.88921e+07
1.93582e+07
1.9829e+07
2.03229e+07
2.08123e+07
2.13129e+07
2.18049e+07
2.23228e+07
2.28259e+07
2.33397e+07
2.38624e+07
2.43966e+07
2.49294e+07
2.54687e+07
2.60228e+07
2.65849e+07
2.7132e+07
2.77014e+07
2.82761e+07
2.88545e+07
