2.346400000000000000e+04
5.603800000000000000e+04
1.239620000000000000e+05
2.067580000000000000e+05
3.147840000000000000e+05
4.370060000000000000e+05
5.779740000000000000e+05
7.319940000000000000e+05
8.931680000000000000e+05
1.063668000000000000e+06
1.252444000000000000e+06
1.442168000000000000e+06
1.646168000000000000e+06
1.840650000000000000e+06
2.029680000000000000e+06
2.217630000000000000e+06
2.400094000000000000e+06
2.560392000000000000e+06
2.713106000000000000e+06
2.850722000000000000e+06
2.981000000000000000e+06
3.090828000000000000e+06
3.185204000000000000e+06
3.270960000000000000e+06
3.357254000000000000e+06
3.413838000000000000e+06
3.446550000000000000e+06
3.466692000000000000e+06
3.469898000000000000e+06
3.442904000000000000e+06
