5.716000000000000000e+03
3.799100000000000000e+04
9.923500000000000000e+04
1.873920000000000000e+05
2.982270000000000000e+05
4.279600000000000000e+05
5.737680000000000000e+05
7.359460000000000000e+05
9.042660000000000000e+05
1.086304000000000000e+06
1.270677000000000000e+06
1.464341000000000000e+06
1.649401000000000000e+06
1.837582000000000000e+06
2.025481000000000000e+06
2.207570000000000000e+06
2.381020000000000000e+06
2.550636000000000000e+06
2.705356000000000000e+06
2.852342000000000000e+06
2.989545000000000000e+06
3.107103000000000000e+06
3.211309000000000000e+06
3.293561000000000000e+06
3.362273000000000000e+06
3.408374000000000000e+06
3.448281000000000000e+06
3.464822000000000000e+06
3.458458000000000000e+06
3.441681000000000000e+06
