1.484000000000000000e+03
9.381000000000000000e+03
2.451600000000000000e+04
4.656600000000000000e+04
7.447800000000000000e+04
1.062340000000000000e+05
1.430090000000000000e+05
1.833170000000000000e+05
2.247960000000000000e+05
2.683040000000000000e+05
3.146710000000000000e+05
3.627380000000000000e+05
4.090970000000000000e+05
4.550660000000000000e+05
5.018770000000000000e+05
5.454510000000000000e+05
5.892850000000000000e+05
6.309280000000000000e+05
6.677290000000000000e+05
7.055270000000000000e+05
7.413880000000000000e+05
7.719000000000000000e+05
7.991150000000000000e+05
8.204030000000000000e+05
8.380910000000000000e+05
8.518140000000000000e+05
8.611900000000000000e+05
8.649690000000000000e+05
8.643340000000000000e+05
8.596640000000000000e+05
