1.382000000000000000e+03
9.606000000000000000e+03
2.465600000000000000e+04
4.693600000000000000e+04
7.372600000000000000e+04
1.048440000000000000e+05
1.420400000000000000e+05
1.807200000000000000e+05
2.210020000000000000e+05
2.661660000000000000e+05
3.103820000000000000e+05
3.552360000000000000e+05
4.016020000000000000e+05
4.483000000000000000e+05
4.946920000000000000e+05
5.378100000000000000e+05
5.806600000000000000e+05
6.224760000000000000e+05
6.622140000000000000e+05
6.973320000000000000e+05
7.305260000000000000e+05
7.603980000000000000e+05
7.871760000000000000e+05
8.081380000000000000e+05
8.288700000000000000e+05
8.449980000000000000e+05
8.551140000000000000e+05
8.601520000000000000e+05
8.610120000000000000e+05
8.589380000000000000e+05
