2.340000000000000000e+02
5.600000000000000000e+02
1.220000000000000000e+03
2.026000000000000000e+03
3.226000000000000000e+03
4.292000000000000000e+03
6.056000000000000000e+03
7.448000000000000000e+03
8.920000000000000000e+03
1.047400000000000000e+04
1.218400000000000000e+04
1.419200000000000000e+04
1.589800000000000000e+04
1.806000000000000000e+04
1.970200000000000000e+04
2.080800000000000000e+04
2.319200000000000000e+04
2.466000000000000000e+04
2.612600000000000000e+04
2.851000000000000000e+04
2.899600000000000000e+04
3.075600000000000000e+04
3.108400000000000000e+04
3.212400000000000000e+04
3.287000000000000000e+04
3.423400000000000000e+04
3.439000000000000000e+04
3.417400000000000000e+04
3.428400000000000000e+04
3.431000000000000000e+04
