116292 97324 99694 125220 146136 156918 171408 191088 212592 233626 251260 275622 294480 317484 338556 358782 377588 403018 420778 446198 468334 494102 515578 540830 565994 592708 618890 637750 665050 698624 727230 740444 764102 792582 821032 836590 859798 883484 899924 921908 947550 970970 984700 1.00516e+06 1.02781e+06 1.05033e+06 1.07646e+06 1.10219e+06 1.13267e+06 1.15381e+06 
31926 59474 78968 104964 128248 148118 168164 188318 210836 232042 251010 272042 295988 315406 335226 356510 381722 400192 421168 444604 470798 496116 521206 543034 568810 592510 620048 641248 665230 697874 722766 739470 761186 786424 812434 840158 861420 875828 897016 919838 943002 962774 982260 1.00074e+06 1.02308e+06 1.04663e+06 1.0712e+06 1.10142e+06 1.12825e+06 1.15197e+06 
22866 51284 69966 95802 121640 142824 164176 185722 206014 229352 250734 272124 291830 312480 334278 356678 379046 397278 419200 441332 469990 495590 519982 542634 566852 591374 620676 638964 658484 687172 716486 734400 759160 779252 808668 832986 853236 871004 890342 917806 939716 962988 980506 1.00546e+06 1.02756e+06 1.05211e+06 1.07389e+06 1.10421e+06 1.13196e+06 1.15018e+06 
21756 52172 70998 95654 118528 138414 161472 181180 205560 228726 250948 270078 290136 315390 337392 357388 378456 398366 421346 444344 470848 495392 522110 546132 568326 593376 622326 646234 661636 686302 713610 734392 760696 784278 810810 836340 858074 874014 893714 917054 944728 968508 991102 1.00904e+06 1.02958e+06 1.05331e+06 1.08459e+06 1.10094e+06 1.12638e+06 1.15186e+06 
19310 48170 70886 92682 115956 138312 157922 179964 202600 226616 246916 268208 291130 316494 338808 360850 379724 400588 425250 447100 469730 496148 522864 546942 568534 591332 619632 643050 666980 691930 713984 735912 761592 788184 808018 833674 854328 876966 902282 921600 947966 963460 983990 1.00525e+06 1.03468e+06 1.05082e+06 1.07914e+06 1.10417e+06 1.11841e+06 1.14249e+06 
16160 43300 68136 91048 113584 136194 156628 179642 202004 223334 246158 270850 290524 316972 337128 357648 382084 402700 423902 448418 468762 497030 521274 542074 565806 594794 618798 640104 666318 690830 710918 732912 759292 787598 806252 828602 850366 878638 906710 921250 942438 962540 986810 1.00946e+06 1.03072e+06 1.05261e+06 1.07545e+06 1.09531e+06 1.11547e+06 1.14065e+06 
15144 41986 66612 88774 110348 132842 155048 178846 205082 223918 246582 268270 290304 315088 335592 355108 380884 402056 422924 448538 472502 498384 516546 539476 567942 589122 614504 642122 664854 691660 713236 732308 756780 786348 812550 826148 842200 872860 896962 917492 932864 964148 991998 1.01512e+06 1.0344e+06 1.05501e+06 1.07218e+06 1.08959e+06 1.11531e+06 1.1368e+06 
13062 39084 65400 89206 112596 134520 156710 177764 204468 226106 246902 268530 292362 316890 332934 355226 380900 403256 426226 454860 477240 497902 515412 537738 566212 589812 613206 641024 663594 686748 711110 728448 756714 784184 808148 827692 847174 870110 892540 917926 938906 968804 991150 1.00868e+06 1.03459e+06 1.05679e+06 1.07014e+06 1.08926e+06 1.11769e+06 1.14106e+06 
12806 39860 65030 88766 112414 134842 156422 179146 201846 222228 246088 271500 297858 317616 335172 356864 379182 404382 431078 458236 480810 503132 522162 541856 565346 592148 619184 641802 662028 690654 713998 730786 757608 781556 810180 829986 852840 875218 900920 921688 944848 968270 989502 1.01208e+06 1.03804e+06 1.05592e+06 1.07101e+06 1.08377e+06 1.11818e+06 1.14467e+06 
12776 38080 65122 86626 112140 133970 155500 178904 199944 223284 246654 268292 296470 317110 341132 358788 380916 406174 432940 458152 482854 505366 524510 551488 573608 593358 617796 643694 662672 689416 714460 733754 756172 784494 802736 830622 859282 879094 901312 923178 945316 964242 991070 1.01417e+06 1.03533e+06 1.0638e+06 1.08088e+06 1.10296e+06 1.1254e+06 1.14431e+06 
12002 37796 62152 85074 109558 133856 155610 177258 200546 223286 242850 267522 292016 317640 341736 362600 382326 405742 428840 453128 479488 501382 520634 545336 570880 594092 617016 641724 663626 686674 715366 734454 759190 786540 808232 826542 850866 866630 894164 921144 942238 967884 997618 1.01789e+06 1.03384e+06 1.05835e+06 1.08037e+06 1.10175e+06 1.12486e+06 1.14512e+06 
11616 36190 60412 84336 106878 130242 154306 175776 199212 224366 245932 268542 294678 316922 342054 363126 388686 405624 425692 450026 478372 501138 521408 544986 572082 595198 614710 641350 663716 682230 706960 732022 751886 776844 799366 822004 844084 863450 895612 920252 946304 972290 1.00132e+06 1.02114e+06 1.03681e+06 1.06332e+06 1.07454e+06 1.09916e+06 1.12558e+06 1.14687e+06 
11192 35326 61668 85716 107718 131022 154958 177130 203126 222198 244996 267566 296738 319488 341314 365022 386022 412308 430310 453642 474728 502986 523168 545494 572402 595288 615860 637420 659044 676352 707544 732278 754216 776434 797224 823342 847598 868866 890866 921370 940664 968498 995138 1.02067e+06 1.03894e+06 1.06463e+06 1.08247e+06 1.10664e+06 1.13028e+06 1.15089e+06 
11400 35120 59192 81398 106702 130666 152472 174822 200362 223108 240168 265248 293778 321214 345652 369706 392582 411898 435090 457630 475920 500408 525284 544270 571918 596346 616622 640938 660844 682252 703926 735114 762566 780704 801576 822486 850976 879160 892150 920822 945878 970178 996020 1.01384e+06 1.03373e+06 1.06409e+06 1.09174e+06 1.1083e+06 1.13251e+06 1.15064e+06 
11120 35260 58506 80876 106158 127874 149386 176708 200342 222822 244158 266970 289796 312704 340462 364238 386308 410210 430632 452644 475984 500198 528842 545134 568366 594740 615524 641510 659256 682706 708088 736570 759538 775788 805542 826736 853256 878408 894348 922034 948338 972240 996516 1.01724e+06 1.04356e+06 1.06654e+06 1.08679e+06 1.10954e+06 1.13491e+06 1.1536e+06 
11716 34216 58336 81376 105628 127312 152422 174644 201970 222204 241960 264712 286122 308386 335854 364012 385846 405466 431286 454916 476698 506052 524060 547672 566144 590766 618242 641530 656250 680794 705544 731274 756466 774214 800890 827880 847692 870746 890374 914768 943890 969550 997100 1.01817e+06 1.03803e+06 1.0636e+06 1.08643e+06 1.10753e+06 1.12942e+06 1.15513e+06 
12014 35782 58188 80742 104886 126816 149766 173040 197332 219140 241338 265728 289618 310786 338706 366986 385972 406860 430934 456420 478960 501052 523934 549746 570760 585536 616088 638752 658310 681066 702804 727842 755902 779740 799650 822220 843928 866518 888982 910924 938834 959496 990576 1.01117e+06 1.03212e+06 1.05571e+06 1.07824e+06 1.10215e+06 1.1261e+06 1.15226e+06 
11442 35412 58360 80990 103932 124174 150694 172920 198636 219760 240796 265228 292384 313038 336424 365594 385218 408224 432266 459188 480522 501136 524986 546482 571190 593106 615336 640814 663672 690984 708610 728402 752902 783530 801822 820486 846094 865138 894154 915510 940954 962578 989266 1.02078e+06 1.03914e+06 1.06138e+06 1.07892e+06 1.10483e+06 1.12741e+06 1.15601e+06 
11758 35902 57760 80242 104944 125958 150452 174724 197002 220154 244412 269042 289096 309414 336912 365286 392418 411456 434390 460478 477622 501504 529330 549276 566356 593874 615742 638372 670032 688868 707860 730742 749448 777462 796708 821396 851180 874014 895906 922164 949864 981426 1.00414e+06 1.02733e+06 1.04466e+06 1.07165e+06 1.09078e+06 1.11327e+06 1.13519e+06 1.16048e+06 
11970 34232 56938 79630 102524 124474 151722 174696 195358 216846 240216 266300 288244 309792 339096 366838 389732 412014 432464 454298 476548 499670 525622 545152 567274 596760 620046 642910 664242 682320 704050 725798 743874 775640 795630 823560 851286 876238 900766 928796 952822 978892 1.00003e+06 1.03024e+06 1.04825e+06 1.07165e+06 1.09188e+06 1.11196e+06 1.14267e+06 1.16636e+06 
11626 34690 57914 79794 101824 125254 149114 173110 197100 217286 239544 266368 288416 309550 337744 365390 389928 413190 434532 457724 481274 500776 525798 550904 568944 591464 620120 640294 660758 685812 704758 730542 754374 776498 797728 819246 848214 870660 893056 923316 951600 973406 992738 1.02263e+06 1.04464e+06 1.06266e+06 1.08929e+06 1.11285e+06 1.14252e+06 1.16305e+06 
12264 35208 58130 81928 102974 124932 149146 173980 196542 218188 240324 263898 285574 312392 337794 365432 389116 411862 432974 454664 480598 502896 523888 552194 573786 595864 619770 640468 662892 685608 706670 728894 757524 781452 796260 822932 850782 874776 893746 919982 951590 969764 996786 1.02673e+06 1.04585e+06 1.06994e+06 1.09003e+06 1.11476e+06 1.14137e+06 1.1593e+06 
11708 34948 58416 83310 105816 128138 151854 178670 200842 220374 242548 265656 288312 314334 341452 363746 389092 410930 435862 458942 475776 503418 525798 546422 570020 593142 618082 636270 659792 684094 707308 728242 757358 778220 798930 821598 850432 873154 895950 918984 947806 975062 1.00259e+06 1.02576e+06 1.04701e+06 1.06866e+06 1.09561e+06 1.11448e+06 1.14023e+06 1.16124e+06 
11544 35654 58624 82630 104248 127486 152974 177998 203244 225394 245020 269040 291020 315554 340680 362614 387572 411402 436250 460292 478918 505474 526000 546882 572050 589542 614098 638508 662390 680208 708444 729700 748904 774960 799518 823938 847394 871836 896288 918654 942666 967106 991776 1.01918e+06 1.0406e+06 1.06253e+06 1.08819e+06 1.10912e+06 1.13359e+06 1.15715e+06 
12626 36892 59928 82920 103502 127528 153324 177908 202632 225364 243134 267946 291448 314702 340666 362268 384750 411614 435048 457722 480346 503766 521138 543418 566756 592146 610150 639712 664650 685998 710710 730048 759274 783890 798684 825236 850488 870090 895458 921310 940950 963396 990454 1.01334e+06 1.04286e+06 1.06298e+06 1.085e+06 1.10539e+06 1.12837e+06 1.1583e+06 
12018 36050 59754 84732 107422 131186 153328 176812 200756 223032 243866 267052 290956 314562 337462 361080 383138 406266 431736 457680 478066 499824 516702 538566 563854 587462 613582 638342 661596 680078 704058 727750 752680 774016 796044 822688 849942 870504 890404 912120 942370 972526 996746 1.01544e+06 1.03715e+06 1.06223e+06 1.08756e+06 1.11288e+06 1.13573e+06 1.16132e+06 
10926 35550 58412 82588 105440 128674 151340 175452 200036 222306 243302 266092 289840 312630 336044 360216 383408 405976 428228 454190 475096 497520 518174 540524 564510 585132 614038 641506 661528 678650 700532 730534 754690 772616 793288 822328 851698 875176 893642 912622 941588 969796 991650 1.0174e+06 1.0388e+06 1.06339e+06 1.08881e+06 1.11144e+06 1.13366e+06 1.15703e+06 
11346 34316 58298 81444 105078 128948 151266 174070 199580 223166 244724 265318 289532 310982 337014 359476 383790 406098 427922 453702 473790 497796 516100 540784 567874 589902 611446 637668 663466 684132 706268 728482 751460 775276 800092 828908 854602 884556 904470 927940 952776 973536 999206 1.02378e+06 1.0407e+06 1.07203e+06 1.09083e+06 1.11959e+06 1.13861e+06 1.16002e+06 
11020 33828 57104 79814 103492 126366 150700 175674 199502 222336 246922 267790 287068 313426 335752 357568 381666 406054 428630 452644 473572 496528 519252 544488 569130 593552 614486 638720 665242 689048 709960 728492 750752 774236 802196 827194 856830 883534 900234 928330 959262 974864 1.00093e+06 1.02698e+06 1.04899e+06 1.06702e+06 1.09254e+06 1.11391e+06 1.13609e+06 1.16025e+06 
10866 33418 56018 77812 100918 124712 150306 174692 200914 221656 247118 268196 288682 313298 337892 357930 380306 405584 426636 447314 475302 497248 518268 544706 571208 595206 616994 641724 666274 692530 713928 730682 752670 775026 801454 826132 852624 877382 902896 927810 946818 971168 999348 1.0212e+06 1.04779e+06 1.07325e+06 1.09037e+06 1.11088e+06 1.13361e+06 1.15052e+06 
11720 34566 57580 80468 104804 128044 149652 173584 199546 218678 242106 267810 291064 309530 333534 357850 378732 403144 421064 451900 477230 499512 522342 543596 568418 592598 613362 636102 661600 687404 710864 733822 755634 776706 800448 827730 857812 879204 902556 920902 944538 971962 999812 1.02378e+06 1.04555e+06 1.06808e+06 1.09118e+06 1.11364e+06 1.13119e+06 1.15069e+06 
12072 35102 57408 81234 107026 131144 152406 175966 198070 219730 245538 269950 291060 310450 330874 357210 376410 401798 426282 448306 475308 496884 519956 543282 565044 584090 607596 635360 660072 685896 709682 733502 754438 777820 801808 825294 857356 885624 903360 920908 946640 968542 994570 1.02111e+06 1.04644e+06 1.07123e+06 1.09544e+06 1.11276e+06 1.13336e+06 1.15541e+06 
11614 35342 58796 81502 105686 128590 150084 176200 200788 219704 244348 269506 290150 308716 330086 358528 376318 399456 425476 452626 474816 494668 515760 541800 568082 587396 607692 632342 658658 688772 707810 737608 760676 782670 798174 824450 854738 884860 903636 930118 953304 981766 1.00028e+06 1.02387e+06 1.0478e+06 1.07504e+06 1.09621e+06 1.11173e+06 1.13948e+06 1.15716e+06 
11694 35564 58452 81814 105468 127752 149118 173634 198228 222506 246852 268730 288444 308488 332616 358296 374992 399378 427242 453960 478784 498150 516312 545632 570468 594326 614078 637614 661082 691950 713478 736350 760072 778528 804662 827308 851348 875566 895242 927026 953670 981898 1.00034e+06 1.02314e+06 1.04699e+06 1.07117e+06 1.09825e+06 1.11221e+06 1.13775e+06 1.16398e+06 
11404 34828 58406 80618 104688 124558 149288 173382 195646 221484 244270 267206 288898 306376 330628 358264 381108 404788 426542 450794 475482 497098 521718 550238 569758 593242 613402 638512 662630 685670 710246 736978 758370 781958 808070 829242 852370 877280 894916 916944 948590 971132 996602 1.02098e+06 1.04295e+06 1.06558e+06 1.08597e+06 1.11374e+06 1.13684e+06 1.15989e+06 
12078 35146 58598 80760 103696 124850 149794 172560 196398 218922 242798 267222 291648 310832 332450 357606 380746 401228 419116 446774 468154 494498 520122 550022 569522 592514 616486 639328 662354 684946 707704 737948 758372 783990 808754 824302 851152 879264 901900 921664 948556 972938 990916 1.01919e+06 1.03608e+06 1.05656e+06 1.08378e+06 1.11319e+06 1.1335e+06 1.15457e+06 
12372 35212 58588 80122 103690 125212 148450 172200 196938 220690 244348 267510 290328 310932 333068 357890 378922 404402 427178 446794 473322 500406 522500 546404 570998 594012 616704 639110 661750 683886 704256 732712 752302 778592 808238 830236 854716 878508 903808 929418 953264 976052 993092 1.018e+06 1.03928e+06 1.06181e+06 1.08757e+06 1.11361e+06 1.139e+06 1.15834e+06 
12002 34940 58402 80604 103018 125346 150214 174156 196374 221466 242930 266450 290304 310088 333404 355980 380162 401784 422646 449600 470990 498352 525920 551846 569772 594392 616340 639364 661526 678376 704198 727306 752318 774376 806920 825728 850850 876340 904838 930282 947194 975396 1.00009e+06 1.0255e+06 1.04736e+06 1.06324e+06 1.08696e+06 1.11428e+06 1.13388e+06 1.15054e+06 
11600 34306 57044 80708 103264 126958 148902 171852 194690 222300 245658 265448 286610 309370 332472 354394 375672 398736 422008 448212 468886 494728 521604 546044 568362 590506 615018 636510 660834 680362 706694 731486 750462 778514 809990 831100 845846 871368 903228 924618 945004 966864 994358 1.01891e+06 1.04013e+06 1.06483e+06 1.08379e+06 1.10101e+06 1.12543e+06 1.14929e+06 
12058 35218 58184 80818 104414 127046 148332 171770 196828 222282 244574 263870 288592 309330 328876 353392 375226 398634 421794 444520 469384 492774 518134 544196 571184 589076 617250 639782 662540 686622 713088 734820 760272 781842 812654 836542 853028 875600 902996 927076 957094 976414 997468 1.02214e+06 1.04545e+06 1.06132e+06 1.08e+06 1.10305e+06 1.13067e+06 1.15501e+06 
11706 35948 57922 81046 103622 126418 147704 172010 197596 225490 246446 265512 287268 308540 330438 355638 377266 401358 421772 445198 471546 493484 521852 547926 571472 595526 619480 644276 667782 688600 716470 736496 764172 787052 816392 833310 854064 884948 913330 935062 960094 979194 998352 1.02475e+06 1.05158e+06 1.07051e+06 1.09337e+06 1.10801e+06 1.13014e+06 1.15842e+06 
11976 35190 58362 79962 100076 126100 150796 174258 196920 220830 241898 268624 287156 309960 334758 357906 373768 396190 421878 447734 472542 499502 526466 553626 570718 596008 623378 647290 676144 693126 714704 739580 765996 784854 816690 841474 853908 888156 910922 929238 958280 973460 992764 1.0176e+06 1.0422e+06 1.06808e+06 1.08984e+06 1.10743e+06 1.1405e+06 1.15782e+06 
11708 35262 57652 80334 102188 126474 147956 172622 197112 222484 246462 266114 286214 309892 332796 355914 375964 399296 421548 446512 474206 496270 523206 551566 571784 596206 622584 646860 669186 692326 716286 737214 765922 788592 818538 835156 853088 887480 912336 932834 958348 975072 995412 1.02161e+06 1.05023e+06 1.07088e+06 1.09141e+06 1.10706e+06 1.13367e+06 1.15796e+06 
11920 35942 58280 81184 104420 126728 148332 171854 197534 224872 244218 264024 289548 308432 327984 353916 376168 400274 421360 444102 468598 491846 517658 543390 570138 590732 618338 639568 663512 686252 716124 736080 761362 783584 811524 834444 853164 877424 908106 931532 960798 981814 999064 1.02392e+06 1.04974e+06 1.06556e+06 1.08547e+06 1.10689e+06 1.12906e+06 1.15572e+06 
12012 34224 57552 80232 103654 127216 148542 171740 195734 220892 245046 264620 286974 310050 331502 354084 374996 398344 422054 446882 467842 494178 520366 545216 569774 589764 616010 637572 662248 682184 708230 731850 753626 779648 812468 835110 847802 873492 901134 922608 946482 967188 994414 1.01905e+06 1.03908e+06 1.06142e+06 1.08011e+06 1.09926e+06 1.12643e+06 1.1515e+06 
11578 35020 57838 81206 102856 125488 150298 173376 194956 221858 244728 266546 288476 308406 333170 354864 378956 400354 421994 449850 471896 497626 525862 550998 568328 593184 614116 638116 661228 678702 704312 727794 751428 776206 806754 825720 850426 873620 904832 928682 946368 972366 997712 1.02406e+06 1.04565e+06 1.0647e+06 1.08863e+06 1.11117e+06 1.13134e+06 1.14919e+06 
12200 34994 58450 80000 103692 125932 149400 173350 197636 221460 243902 267138 291096 311436 332924 358344 378732 404352 427262 447576 471752 500242 524314 547736 570652 595200 616802 638980 661114 681644 702218 731986 753362 775882 808104 829572 853714 877658 903708 930586 952476 975802 997330 1.02129e+06 1.04277e+06 1.06321e+06 1.08686e+06 1.11353e+06 1.13866e+06 1.1574e+06 
12496 35408 58634 80990 104034 125018 148692 171772 196186 219200 243210 266506 291190 311452 333078 357028 380032 401584 420478 446958 470800 495870 520478 548922 570422 593048 617512 640450 662026 686118 708846 735520 753940 781856 808140 824988 852174 878742 904496 925634 949878 975768 989364 1.01719e+06 1.03583e+06 1.05733e+06 1.08283e+06 1.11446e+06 1.13533e+06 1.15361e+06 
11576 34750 58482 80038 104004 123674 149400 173030 195590 220648 243060 267336 290018 307128 331162 357820 382432 404850 424084 449598 472050 496366 520670 549358 569374 591100 613684 639478 662446 684028 709026 739164 759560 784830 808182 828908 851092 879760 896608 916414 947870 970352 995924 1.02024e+06 1.03942e+06 1.06203e+06 1.08709e+06 1.11277e+06 1.13402e+06 1.15854e+06 
11662 35110 58528 81708 105288 127414 149656 173986 197802 222128 246942 268912 287632 307580 332998 359466 377150 401196 428112 451228 477280 498588 518398 548842 570830 595354 613466 638550 662692 689462 711852 734320 758710 777370 807384 827932 851522 874260 892950 924098 950878 978748 997872 1.02142e+06 1.04774e+06 1.0699e+06 1.09366e+06 1.11326e+06 1.13907e+06 1.16365e+06 
