96 66 0 0 0 0 0 0 0 0 0 0 0 0 0 0 0 0 0 0 
66 308 87 0 0 0 0 0 0 0 0 0 0 0 0 0 0 0 0 0 
0 87 244 39 0 0 0 0 0 0 0 0 0 0 0 0 0 0 0 0 
0 0 39 232 62 0 0 0 0 0 0 0 0 0 0 0 0 0 0 0 
0 0 0 62 176 68 0 0 0 0 0 0 0 0 0 0 0 0 0 0 
0 0 0 0 68 256 81 0 0 0 0 0 0 0 0 0 0 0 0 0 
0 0 0 0 0 81 270 113 0 0 0 0 0 0 0 0 0 0 0 0 
0 0 0 0 0 0 113 342 90 0 0 0 0 0 0 0 0 0 0 0 
0 0 0 0 0 0 0 90 392 134 0 0 0 0 0 0 0 0 0 0 
0 0 0 0 0 0 0 0 134 518 159 0 0 0 0 0 0 0 0 0 
0 0 0 0 0 0 0 0 0 159 592 187 0 0 0 0 0 0 0 0 
0 0 0 0 0 0 0 0 0 0 187 778 261 0 0 0 0 0 0 0 
0 0 0 0 0 0 0 0 0 0 0 261 866 277 0 0 0 0 0 0 
0 0 0 0 0 0 0 0 0 0 0 0 277 906 301 0 0 0 0 0 
0 0 0 0 0 0 0 0 0 0 0 0 0 301 1220 294 0 0 0 0 
0 0 0 0 0 0 0 0 0 0 0 0 0 0 294 1074 356 0 0 0 
0 0 0 0 0 0 0 0 0 0 0 0 0 0 0 356 1286 423 0 0 
0 0 0 0 0 0 0 0 0 0 0 0 0 0 0 0 423 1550 402 0 
0 0 0 0 0 0 0 0 0 0 0 0 0 0 0 0 0 402 1420 434 
0 0 0 0 0 0 0 0 0 0 0 0 0 0 0 0 0 0 434 1854 


66 308 87 0 0 0 0 0 0 0 0 0 0 0 0 0 0 0 0 0 
308 780 528 74 0 0 0 0 0 0 0 0 0 0 0 0 0 0 0 0 
87 528 522 442 75 0 0 0 0 0 0 0 0 0 0 0 0 0 0 0 
0 74 442 438 348 97 0 0 0 0 0 0 0 0 0 0 0 0 0 0 
0 0 75 348 344 453 110 0 0 0 0 0 0 0 0 0 0 0 0 0 
0 0 0 97 453 586 465 127 0 0 0 0 0 0 0 0 0 0 0 0 
0 0 0 0 110 465 732 588 115 0 0 0 0 0 0 0 0 0 0 0 
0 0 0 0 0 127 588 788 686 145 0 0 0 0 0 0 0 0 0 0 
0 0 0 0 0 0 115 686 976 846 184 0 0 0 0 0 0 0 0 0 
0 0 0 0 0 0 0 145 846 1240 961 222 0 0 0 0 0 0 0 0 
0 0 0 0 0 0 0 0 184 961 1220 1203 181 0 0 0 0 0 0 0 
0 0 0 0 0 0 0 0 0 222 1203 1664 1320 222 0 0 0 0 0 0 
0 0 0 0 0 0 0 0 0 0 181 1320 1636 1390 307 0 0 0 0 0 
0 0 0 0 0 0 0 0 0 0 0 222 1390 1968 1793 296 0 0 0 0 
0 0 0 0 0 0 0 0 0 0 0 0 307 1793 2360 2018 358 0 0 0 
0 0 0 0 0 0 0 0 0 0 0 0 0 296 2018 2608 2017 394 0 0 
0 0 0 0 0 0 0 0 0 0 0 0 0 0 358 2017 2836 2466 448 0 
0 0 0 0 0 0 0 0 0 0 0 0 0 0 0 394 2466 3048 2668 523 
0 0 0 0 0 0 0 0 0 0 0 0 0 0 0 0 448 2668 3348 2912 
0 0 0 0 0 0 0 0 0 0 0 0 0 0 0 0 0 523 2912 3802 


0 87 244 39 0 0 0 0 0 0 0 0 0 0 0 0 0 0 0 0 
87 528 522 442 75 0 0 0 0 0 0 0 0 0 0 0 0 0 0 0 
244 522 414 346 306 46 0 0 0 0 0 0 0 0 0 0 0 0 0 0 
39 442 346 322 260 289 92 0 0 0 0 0 0 0 0 0 0 0 0 0 
0 75 306 260 300 329 317 76 0 0 0 0 0 0 0 0 0 0 0 0 
0 0 46 289 329 352 376 399 64 0 0 0 0 0 0 0 0 0 0 0 
0 0 0 92 317 376 410 413 390 92 0 0 0 0 0 0 0 0 0 0 
0 0 0 0 76 399 413 426 449 520 85 0 0 0 0 0 0 0 0 0 
0 0 0 0 0 64 390 449 576 621 541 126 0 0 0 0 0 0 0 0 
0 0 0 0 0 0 92 520 621 666 690 733 113 0 0 0 0 0 0 0 
0 0 0 0 0 0 0 85 541 690 722 835 767 120 0 0 0 0 0 0 
0 0 0 0 0 0 0 0 126 733 835 912 1008 856 181 0 0 0 0 0 
0 0 0 0 0 0 0 0 0 113 767 1008 1032 1031 1058 194 0 0 0 0 
0 0 0 0 0 0 0 0 0 0 120 856 1031 1114 1328 1179 225 0 0 0 
0 0 0 0 0 0 0 0 0 0 0 181 1058 1328 1416 1459 1204 230 0 0 
0 0 0 0 0 0 0 0 0 0 0 0 194 1179 1459 1594 1550 1270 300 0 
0 0 0 0 0 0 0 0 0 0 0 0 0 225 1204 1550 1532 1777 1547 320 
0 0 0 0 0 0 0 0 0 0 0 0 0 0 230 1270 1777 2008 1990 1804 
0 0 0 0 0 0 0 0 0 0 0 0 0 0 0 300 1547 1990 2050 2222 
0 0 0 0 0 0 0 0 0 0 0 0 0 0 0 0 320 1804 2222 2258 


0 0 39 232 62 0 0 0 0 0 0 0 0 0 0 0 0 0 0 0 
0 74 442 438 348 97 0 0 0 0 0 0 0 0 0 0 0 0 0 0 
39 442 346 322 260 289 92 0 0 0 0 0 0 0 0 0 0 0 0 0 
232 438 322 222 216 296 288 78 0 0 0 0 0 0 0 0 0 0 0 0 
62 348 260 216 200 272 301 275 59 0 0 0 0 0 0 0 0 0 0 0 
0 97 289 296 272 262 292 329 308 91 0 0 0 0 0 0 0 0 0 0 
0 0 92 288 301 292 288 298 339 386 97 0 0 0 0 0 0 0 0 0 
0 0 0 78 275 329 298 310 370 428 422 136 0 0 0 0 0 0 0 0 
0 0 0 0 59 308 339 370 418 464 569 588 141 0 0 0 0 0 0 0 
0 0 0 0 0 91 386 428 464 566 599 661 637 158 0 0 0 0 0 0 
0 0 0 0 0 0 97 422 569 599 574 651 697 641 178 0 0 0 0 0 
0 0 0 0 0 0 0 136 588 661 651 714 777 825 781 187 0 0 0 0 
0 0 0 0 0 0 0 0 141 637 697 777 674 795 1095 848 232 0 0 0 
0 0 0 0 0 0 0 0 0 158 641 825 795 772 1011 1044 994 243 0 0 
0 0 0 0 0 0 0 0 0 0 178 781 1095 1011 1112 1072 1179 1183 258 0 
0 0 0 0 0 0 0 0 0 0 0 187 848 1044 1072 1210 1129 1275 1274 278 
0 0 0 0 0 0 0 0 0 0 0 0 232 994 1179 1129 1440 1274 1342 1349 
0 0 0 0 0 0 0 0 0 0 0 0 0 243 1183 1275 1274 1346 1516 1641 
0 0 0 0 0 0 0 0 0 0 0 0 0 0 258 1274 1342 1516 1534 1627 
0 0 0 0 0 0 0 0 0 0 0 0 0 0 0 278 1349 1641 1627 1570 


0 0 0 62 176 68 0 0 0 0 0 0 0 0 0 0 0 0 0 0 
0 0 75 348 344 453 110 0 0 0 0 0 0 0 0 0 0 0 0 0 
0 75 306 260 300 329 317 76 0 0 0 0 0 0 0 0 0 0 0 0 
62 348 260 216 200 272 301 275 59 0 0 0 0 0 0 0 0 0 0 0 
176 344 300 200 204 244 212 336 258 42 0 0 0 0 0 0 0 0 0 0 
68 453 329 272 244 254 252 290 343 358 74 0 0 0 0 0 0 0 0 0 
0 110 317 301 212 252 268 305 352 409 401 106 0 0 0 0 0 0 0 0 
0 0 76 275 336 290 305 314 333 420 475 581 135 0 0 0 0 0 0 0 
0 0 0 59 258 343 352 333 436 409 500 631 549 112 0 0 0 0 0 0 
0 0 0 0 42 358 409 420 409 476 544 646 670 652 135 0 0 0 0 0 
0 0 0 0 0 74 401 475 500 544 632 608 631 752 690 144 0 0 0 0 
0 0 0 0 0 0 106 581 631 646 608 758 837 734 979 785 194 0 0 0 
0 0 0 0 0 0 0 135 549 670 631 837 740 754 944 973 933 205 0 0 
0 0 0 0 0 0 0 0 112 652 752 734 754 788 969 988 1065 952 234 0 
0 0 0 0 0 0 0 0 0 135 690 979 944 969 972 1045 1146 1220 1107 237 
0 0 0 0 0 0 0 0 0 0 144 785 973 988 1045 1036 1167 1224 1326 1248 
0 0 0 0 0 0 0 0 0 0 0 194 933 1065 1146 1167 1448 1200 1361 1490 
0 0 0 0 0 0 0 0 0 0 0 0 205 952 1220 1224 1200 1284 1344 1639 
0 0 0 0 0 0 0 0 0 0 0 0 0 234 1107 1326 1361 1344 1494 1542 
0 0 0 0 0 0 0 0 0 0 0 0 0 0 237 1248 1490 1639 1542 1710 


0 0 0 0 68 256 81 0 0 0 0 0 0 0 0 0 0 0 0 0 
0 0 0 97 453 586 465 127 0 0 0 0 0 0 0 0 0 0 0 0 
0 0 46 289 329 352 376 399 64 0 0 0 0 0 0 0 0 0 0 0 
0 97 289 296 272 262 292 329 308 91 0 0 0 0 0 0 0 0 0 0 
68 453 329 272 244 254 252 290 343 358 74 0 0 0 0 0 0 0 0 0 
256 586 352 262 254 240 304 312 340 462 420 114 0 0 0 0 0 0 0 0 
81 465 376 292 252 304 320 322 370 372 468 521 128 0 0 0 0 0 0 0 
0 127 399 329 290 312 322 336 431 426 523 593 627 113 0 0 0 0 0 0 
0 0 64 308 343 340 370 431 450 495 545 601 626 663 169 0 0 0 0 0 
0 0 0 91 358 462 372 426 495 510 539 627 673 773 755 197 0 0 0 0 
0 0 0 0 74 420 468 523 545 539 574 699 701 765 880 798 162 0 0 0 
0 0 0 0 0 114 521 593 601 627 699 758 809 858 930 1055 1010 212 0 0 
0 0 0 0 0 0 128 627 626 673 701 809 762 797 959 967 1110 1118 232 0 
0 0 0 0 0 0 0 113 663 773 765 858 797 858 970 1095 1134 1233 1077 252 
0 0 0 0 0 0 0 0 169 755 880 930 959 970 1074 1161 1166 1352 1382 1292 
0 0 0 0 0 0 0 0 0 197 798 1055 967 1095 1161 1182 1293 1304 1414 1624 
0 0 0 0 0 0 0 0 0 0 162 1010 1110 1134 1166 1293 1180 1419 1477 1594 
0 0 0 0 0 0 0 0 0 0 0 212 1118 1233 1352 1304 1419 1468 1593 1681 
0 0 0 0 0 0 0 0 0 0 0 0 232 1077 1382 1414 1477 1593 1588 1659 
0 0 0 0 0 0 0 0 0 0 0 0 0 252 1292 1624 1594 1681 1659 1680 


0 0 0 0 0 81 270 113 0 0 0 0 0 0 0 0 0 0 0 0 
0 0 0 0 110 465 732 588 115 0 0 0 0 0 0 0 0 0 0 0 
0 0 0 92 317 376 410 413 390 92 0 0 0 0 0 0 0 0 0 0 
0 0 92 288 301 292 288 298 339 386 97 0 0 0 0 0 0 0 0 0 
0 110 317 301 212 252 268 305 352 409 401 106 0 0 0 0 0 0 0 0 
81 465 376 292 252 304 320 322 370 372 468 521 128 0 0 0 0 0 0 0 
270 732 410 288 268 320 348 320 504 420 518 532 644 140 0 0 0 0 0 0 
113 588 413 298 305 322 320 330 473 490 485 558 630 605 175 0 0 0 0 0 
0 115 390 339 352 370 504 473 472 492 555 572 696 782 747 183 0 0 0 0 
0 0 92 386 409 372 420 490 492 570 643 770 711 804 880 797 194 0 0 0 
0 0 0 97 401 468 518 485 555 643 734 764 733 923 928 942 870 235 0 0 
0 0 0 0 106 521 532 558 572 770 764 790 812 892 936 1018 1053 1019 229 0 
0 0 0 0 0 128 644 630 696 711 733 812 808 909 999 1023 1079 1216 1184 258 
0 0 0 0 0 0 140 605 782 804 923 892 909 980 1068 1188 1194 1379 1437 1341 
0 0 0 0 0 0 0 175 747 880 928 936 999 1068 1186 1255 1345 1306 1446 1540 
0 0 0 0 0 0 0 0 183 797 942 1018 1023 1188 1255 1258 1377 1372 1431 1519 
0 0 0 0 0 0 0 0 0 194 870 1053 1079 1194 1345 1377 1444 1506 1490 1603 
0 0 0 0 0 0 0 0 0 0 235 1019 1216 1379 1306 1372 1506 1680 1622 1750 
0 0 0 0 0 0 0 0 0 0 0 229 1184 1437 1446 1431 1490 1622 1732 1777 
0 0 0 0 0 0 0 0 0 0 0 0 258 1341 1540 1519 1603 1750 1777 1968 


0 0 0 0 0 0 113 342 90 0 0 0 0 0 0 0 0 0 0 0 
0 0 0 0 0 127 588 788 686 145 0 0 0 0 0 0 0 0 0 0 
0 0 0 0 76 399 413 426 449 520 85 0 0 0 0 0 0 0 0 0 
0 0 0 78 275 329 298 310 370 428 422 136 0 0 0 0 0 0 0 0 
0 0 76 275 336 290 305 314 333 420 475 581 135 0 0 0 0 0 0 0 
0 127 399 329 290 312 322 336 431 426 523 593 627 113 0 0 0 0 0 0 
113 588 413 298 305 322 320 330 473 490 485 558 630 605 175 0 0 0 0 0 
342 788 426 310 314 336 330 408 398 464 458 488 654 708 662 104 0 0 0 0 
90 686 449 370 333 431 473 398 496 550 575 606 618 727 870 757 151 0 0 0 
0 145 520 428 420 426 490 464 550 538 588 751 684 752 869 958 940 212 0 0 
0 0 85 422 475 523 485 458 575 588 672 787 752 827 904 940 956 981 229 0 
0 0 0 136 581 593 558 488 606 751 787 816 781 888 983 1130 1041 1247 1092 242 
0 0 0 0 135 627 630 654 618 684 752 781 864 935 1019 1026 1133 1143 1302 1235 
0 0 0 0 0 113 605 708 727 752 827 888 935 936 1054 1103 1120 1262 1322 1501 
0 0 0 0 0 0 175 662 870 869 904 983 1019 1054 1188 1206 1213 1355 1430 1386 
0 0 0 0 0 0 0 104 757 958 940 1130 1026 1103 1206 1208 1318 1376 1402 1540 
0 0 0 0 0 0 0 0 151 940 956 1041 1133 1120 1213 1318 1344 1424 1559 1643 
0 0 0 0 0 0 0 0 0 212 981 1247 1143 1262 1355 1376 1424 1556 1639 1746 
0 0 0 0 0 0 0 0 0 0 229 1092 1302 1322 1430 1402 1559 1639 1768 1812 
0 0 0 0 0 0 0 0 0 0 0 242 1235 1501 1386 1540 1643 1746 1812 1894 


0 0 0 0 0 0 0 90 392 134 0 0 0 0 0 0 0 0 0 0 
0 0 0 0 0 0 115 686 976 846 184 0 0 0 0 0 0 0 0 0 
0 0 0 0 0 64 390 449 576 621 541 126 0 0 0 0 0 0 0 0 
0 0 0 0 59 308 339 370 418 464 569 588 141 0 0 0 0 0 0 0 
0 0 0 59 258 343 352 333 436 409 500 631 549 112 0 0 0 0 0 0 
0 0 64 308 343 340 370 431 450 495 545 601 626 663 169 0 0 0 0 0 
0 115 390 339 352 370 504 473 472 492 555 572 696 782 747 183 0 0 0 0 
90 686 449 370 333 431 473 398 496 550 575 606 618 727 870 757 151 0 0 0 
392 976 576 418 436 450 472 496 468 580 606 728 722 822 908 908 878 206 0 0 
134 846 621 464 409 495 492 550 580 624 663 748 756 863 977 1038 1151 1007 216 0 
0 184 541 569 500 545 555 575 606 663 698 800 875 934 1044 1156 1153 1250 1056 202 
0 0 126 588 631 601 572 606 728 748 800 824 916 989 1079 1108 1244 1317 1386 1176 
0 0 0 141 549 626 696 618 722 756 875 916 858 978 1044 1138 1165 1320 1292 1519 
0 0 0 0 112 663 782 727 822 863 934 989 978 990 1173 1173 1188 1394 1469 1568 
0 0 0 0 0 169 747 870 908 977 1044 1079 1044 1173 1238 1264 1360 1450 1560 1818 
0 0 0 0 0 0 183 757 908 1038 1156 1108 1138 1173 1264 1418 1418 1508 1548 1724 
0 0 0 0 0 0 0 151 878 1151 1153 1244 1165 1188 1360 1418 1510 1592 1630 1763 
0 0 0 0 0 0 0 0 206 1007 1250 1317 1320 1394 1450 1508 1592 1684 1698 1932 
0 0 0 0 0 0 0 0 0 216 1056 1386 1292 1469 1560 1548 1630 1698 1848 1912 
0 0 0 0 0 0 0 0 0 0 202 1176 1519 1568 1818 1724 1763 1932 1912 2012 


0 0 0 0 0 0 0 0 134 518 159 0 0 0 0 0 0 0 0 0 
0 0 0 0 0 0 0 145 846 1240 961 222 0 0 0 0 0 0 0 0 
0 0 0 0 0 0 92 520 621 666 690 733 113 0 0 0 0 0 0 0 
0 0 0 0 0 91 386 428 464 566 599 661 637 158 0 0 0 0 0 0 
0 0 0 0 42 358 409 420 409 476 544 646 670 652 135 0 0 0 0 0 
0 0 0 91 358 462 372 426 495 510 539 627 673 773 755 197 0 0 0 0 
0 0 92 386 409 372 420 490 492 570 643 770 711 804 880 797 194 0 0 0 
0 145 520 428 420 426 490 464 550 538 588 751 684 752 869 958 940 212 0 0 
134 846 621 464 409 495 492 550 580 624 663 748 756 863 977 1038 1151 1007 216 0 
518 1240 666 566 476 510 570 538 624 714 642 870 874 896 1068 1154 1132 1388 1202 302 
159 961 690 599 544 539 643 588 663 642 786 949 918 1072 1083 1144 1257 1263 1408 1326 
0 222 733 661 646 627 770 751 748 870 949 978 1021 1055 1158 1201 1296 1358 1522 1581 
0 0 113 637 670 673 711 684 756 874 918 1021 1114 1136 1155 1243 1354 1359 1415 1587 
0 0 0 158 652 773 804 752 863 896 1072 1055 1136 1210 1296 1281 1364 1559 1589 1654 
0 0 0 0 135 755 880 869 977 1068 1083 1158 1155 1296 1294 1450 1529 1544 1684 1739 
0 0 0 0 0 197 797 958 1038 1154 1144 1201 1243 1281 1450 1656 1647 1716 1705 1917 
0 0 0 0 0 0 194 940 1151 1132 1257 1296 1354 1364 1529 1647 1674 1768 1784 2025 
0 0 0 0 0 0 0 212 1007 1388 1263 1358 1359 1559 1544 1716 1768 1858 1888 2019 
0 0 0 0 0 0 0 0 216 1202 1408 1522 1415 1589 1684 1705 1784 1888 2026 2087 
0 0 0 0 0 0 0 0 0 302 1326 1581 1587 1654 1739 1917 2025 2019 2087 2280 


0 0 0 0 0 0 0 0 0 159 592 187 0 0 0 0 0 0 0 0 
0 0 0 0 0 0 0 0 184 961 1220 1203 181 0 0 0 0 0 0 0 
0 0 0 0 0 0 0 85 541 690 722 835 767 120 0 0 0 0 0 0 
0 0 0 0 0 0 97 422 569 599 574 651 697 641 178 0 0 0 0 0 
0 0 0 0 0 74 401 475 500 544 632 608 631 752 690 144 0 0 0 0 
0 0 0 0 74 420 468 523 545 539 574 699 701 765 880 798 162 0 0 0 
0 0 0 97 401 468 518 485 555 643 734 764 733 923 928 942 870 235 0 0 
0 0 85 422 475 523 485 458 575 588 672 787 752 827 904 940 956 981 229 0 
0 184 541 569 500 545 555 575 606 663 698 800 875 934 1044 1156 1153 1250 1056 202 
159 961 690 599 544 539 643 588 663 642 786 949 918 1072 1083 1144 1257 1263 1408 1326 
592 1220 722 574 632 574 734 672 698 786 750 944 962 946 1108 1226 1360 1314 1366 1516 
187 1203 835 651 608 699 764 787 800 949 944 1022 1057 1085 1257 1343 1411 1553 1508 1679 
0 181 767 697 631 701 733 752 875 918 962 1057 1066 1127 1274 1353 1457 1493 1446 1674 
0 0 120 641 752 765 923 827 934 1072 946 1085 1127 1226 1295 1404 1504 1673 1572 1768 
0 0 0 178 690 880 928 904 1044 1083 1108 1257 1274 1295 1442 1472 1595 1698 1655 1841 
0 0 0 0 144 798 942 940 1156 1144 1226 1343 1353 1404 1472 1544 1553 1731 1792 1889 
0 0 0 0 0 162 870 956 1153 1257 1360 1411 1457 1504 1595 1553 1676 1863 1909 1953 
0 0 0 0 0 0 235 981 1250 1263 1314 1553 1493 1673 1698 1731 1863 1940 2079 2168 
0 0 0 0 0 0 0 229 1056 1408 1366 1508 1446 1572 1655 1792 1909 2079 2004 2227 
0 0 0 0 0 0 0 0 202 1326 1516 1679 1674 1768 1841 1889 1953 2168 2227 2388 


0 0 0 0 0 0 0 0 0 0 187 778 261 0 0 0 0 0 0 0 
0 0 0 0 0 0 0 0 0 222 1203 1664 1320 222 0 0 0 0 0 0 
0 0 0 0 0 0 0 0 126 733 835 912 1008 856 181 0 0 0 0 0 
0 0 0 0 0 0 0 136 588 661 651 714 777 825 781 187 0 0 0 0 
0 0 0 0 0 0 106 581 631 646 608 758 837 734 979 785 194 0 0 0 
0 0 0 0 0 114 521 593 601 627 699 758 809 858 930 1055 1010 212 0 0 
0 0 0 0 106 521 532 558 572 770 764 790 812 892 936 1018 1053 1019 229 0 
0 0 0 136 581 593 558 488 606 751 787 816 781 888 983 1130 1041 1247 1092 242 
0 0 126 588 631 601 572 606 728 748 800 824 916 989 1079 1108 1244 1317 1386 1176 
0 222 733 661 646 627 770 751 748 870 949 978 1021 1055 1158 1201 1296 1358 1522 1581 
187 1203 835 651 608 699 764 787 800 949 944 1022 1057 1085 1257 1343 1411 1553 1508 1679 
778 1664 912 714 758 758 790 816 824 978 1022 900 1052 1216 1436 1434 1380 1614 1576 1680 
261 1320 1008 777 837 809 812 781 916 1021 1057 1052 1114 1282 1374 1490 1536 1564 1664 1826 
0 222 856 825 734 858 892 888 989 1055 1085 1216 1282 1446 1420 1450 1613 1708 1705 1842 
0 0 181 781 979 930 936 983 1079 1158 1257 1436 1374 1420 1490 1642 1689 1788 1861 1917 
0 0 0 187 785 1055 1018 1130 1108 1201 1343 1434 1490 1450 1642 1616 1746 1910 1944 2023 
0 0 0 0 194 1010 1053 1041 1244 1296 1411 1380 1536 1613 1689 1746 1840 1970 1912 2165 
0 0 0 0 0 212 1019 1247 1317 1358 1553 1614 1564 1708 1788 1910 1970 2084 2192 2280 
0 0 0 0 0 0 229 1092 1386 1522 1508 1576 1664 1705 1861 1944 1912 2192 2250 2327 
0 0 0 0 0 0 0 242 1176 1581 1679 1680 1826 1842 1917 2023 2165 2280 2327 2340 


0 0 0 0 0 0 0 0 0 0 0 261 866 277 0 0 0 0 0 0 
0 0 0 0 0 0 0 0 0 0 181 1320 1636 1390 307 0 0 0 0 0 
0 0 0 0 0 0 0 0 0 113 767 1008 1032 1031 1058 194 0 0 0 0 
0 0 0 0 0 0 0 0 141 637 697 777 674 795 1095 848 232 0 0 0 
0 0 0 0 0 0 0 135 549 670 631 837 740 754 944 973 933 205 0 0 
0 0 0 0 0 0 128 627 626 673 701 809 762 797 959 967 1110 1118 232 0 
0 0 0 0 0 128 644 630 696 711 733 812 808 909 999 1023 1079 1216 1184 258 
0 0 0 0 135 627 630 654 618 684 752 781 864 935 1019 1026 1133 1143 1302 1235 
0 0 0 141 549 626 696 618 722 756 875 916 858 978 1044 1138 1165 1320 1292 1519 
0 0 113 637 670 673 711 684 756 874 918 1021 1114 1136 1155 1243 1354 1359 1415 1587 
0 181 767 697 631 701 733 752 875 918 962 1057 1066 1127 1274 1353 1457 1493 1446 1674 
261 1320 1008 777 837 809 812 781 916 1021 1057 1052 1114 1282 1374 1490 1536 1564 1664 1826 
866 1636 1032 674 740 762 808 864 858 1114 1066 1114 1380 1262 1424 1434 1534 1560 1676 1890 
277 1390 1031 795 754 797 909 935 978 1136 1127 1282 1262 1382 1481 1591 1663 1744 1782 1742 
0 307 1058 1095 944 959 999 1019 1044 1155 1274 1374 1424 1481 1536 1711 1685 1872 1775 1960 
0 0 194 848 973 967 1023 1026 1138 1243 1353 1490 1434 1591 1711 1818 1834 1864 1963 2106 
0 0 0 232 933 1110 1079 1133 1165 1354 1457 1536 1534 1663 1685 1834 2014 1990 2067 2296 
0 0 0 0 205 1118 1216 1143 1320 1359 1493 1564 1560 1744 1872 1864 1990 2158 2166 2361 
0 0 0 0 0 232 1184 1302 1292 1415 1446 1664 1676 1782 1775 1963 2067 2166 2332 2424 
0 0 0 0 0 0 258 1235 1519 1587 1674 1826 1890 1742 1960 2106 2296 2361 2424 2452 


0 0 0 0 0 0 0 0 0 0 0 0 277 906 301 0 0 0 0 0 
0 0 0 0 0 0 0 0 0 0 0 222 1390 1968 1793 296 0 0 0 0 
0 0 0 0 0 0 0 0 0 0 120 856 1031 1114 1328 1179 225 0 0 0 
0 0 0 0 0 0 0 0 0 158 641 825 795 772 1011 1044 994 243 0 0 
0 0 0 0 0 0 0 0 112 652 752 734 754 788 969 988 1065 952 234 0 
0 0 0 0 0 0 0 113 663 773 765 858 797 858 970 1095 1134 1233 1077 252 
0 0 0 0 0 0 140 605 782 804 923 892 909 980 1068 1188 1194 1379 1437 1341 
0 0 0 0 0 113 605 708 727 752 827 888 935 936 1054 1103 1120 1262 1322 1501 
0 0 0 0 112 663 782 727 822 863 934 989 978 990 1173 1173 1188 1394 1469 1568 
0 0 0 158 652 773 804 752 863 896 1072 1055 1136 1210 1296 1281 1364 1559 1589 1654 
0 0 120 641 752 765 923 827 934 1072 946 1085 1127 1226 1295 1404 1504 1673 1572 1768 
0 222 856 825 734 858 892 888 989 1055 1085 1216 1282 1446 1420 1450 1613 1708 1705 1842 
277 1390 1031 795 754 797 909 935 978 1136 1127 1282 1262 1382 1481 1591 1663 1744 1782 1742 
906 1968 1114 772 788 858 980 936 990 1210 1226 1446 1382 1620 1630 1598 1776 1864 1928 1910 
301 1793 1328 1011 969 970 1068 1054 1173 1296 1295 1420 1481 1630 1750 1745 1825 1942 1961 2142 
0 296 1179 1044 988 1095 1188 1103 1173 1281 1404 1450 1591 1598 1745 1666 1890 2008 1964 2220 
0 0 225 994 1065 1134 1194 1120 1188 1364 1504 1613 1663 1776 1825 1890 1980 2080 2216 2305 
0 0 0 243 952 1233 1379 1262 1394 1559 1673 1708 1744 1864 1942 2008 2080 2332 2327 2531 
0 0 0 0 234 1077 1437 1322 1469 1589 1572 1705 1782 1928 1961 1964 2216 2327 2262 2543 
0 0 0 0 0 252 1341 1501 1568 1654 1768 1842 1742 1910 2142 2220 2305 2531 2543 2816 


0 0 0 0 0 0 0 0 0 0 0 0 0 301 1220 294 0 0 0 0 
0 0 0 0 0 0 0 0 0 0 0 0 307 1793 2360 2018 358 0 0 0 
0 0 0 0 0 0 0 0 0 0 0 181 1058 1328 1416 1459 1204 230 0 0 
0 0 0 0 0 0 0 0 0 0 178 781 1095 1011 1112 1072 1179 1183 258 0 
0 0 0 0 0 0 0 0 0 135 690 979 944 969 972 1045 1146 1220 1107 237 
0 0 0 0 0 0 0 0 169 755 880 930 959 970 1074 1161 1166 1352 1382 1292 
0 0 0 0 0 0 0 175 747 880 928 936 999 1068 1186 1255 1345 1306 1446 1540 
0 0 0 0 0 0 175 662 870 869 904 983 1019 1054 1188 1206 1213 1355 1430 1386 
0 0 0 0 0 169 747 870 908 977 1044 1079 1044 1173 1238 1264 1360 1450 1560 1818 
0 0 0 0 135 755 880 869 977 1068 1083 1158 1155 1296 1294 1450 1529 1544 1684 1739 
0 0 0 178 690 880 928 904 1044 1083 1108 1257 1274 1295 1442 1472 1595 1698 1655 1841 
0 0 181 781 979 930 936 983 1079 1158 1257 1436 1374 1420 1490 1642 1689 1788 1861 1917 
0 307 1058 1095 944 959 999 1019 1044 1155 1274 1374 1424 1481 1536 1711 1685 1872 1775 1960 
301 1793 1328 1011 969 970 1068 1054 1173 1296 1295 1420 1481 1630 1750 1745 1825 1942 1961 2142 
1220 2360 1416 1112 972 1074 1186 1188 1238 1294 1442 1490 1536 1750 1782 1804 2018 2138 2170 2270 
294 2018 1459 1072 1045 1161 1255 1206 1264 1450 1472 1642 1711 1745 1804 1734 2030 2143 2099 2246 
0 358 1204 1179 1146 1166 1345 1213 1360 1529 1595 1689 1685 1825 2018 2030 1914 2221 2218 2373 
0 0 230 1183 1220 1352 1306 1355 1450 1544 1698 1788 1872 1942 2138 2143 2221 2476 2468 2512 
0 0 0 258 1107 1382 1446 1430 1560 1684 1655 1861 1775 1961 2170 2099 2218 2468 2360 2617 
0 0 0 0 237 1292 1540 1386 1818 1739 1841 1917 1960 2142 2270 2246 2373 2512 2617 2806 


0 0 0 0 0 0 0 0 0 0 0 0 0 0 294 1074 356 0 0 0 
0 0 0 0 0 0 0 0 0 0 0 0 0 296 2018 2608 2017 394 0 0 
0 0 0 0 0 0 0 0 0 0 0 0 194 1179 1459 1594 1550 1270 300 0 
0 0 0 0 0 0 0 0 0 0 0 187 848 1044 1072 1210 1129 1275 1274 278 
0 0 0 0 0 0 0 0 0 0 144 785 973 988 1045 1036 1167 1224 1326 1248 
0 0 0 0 0 0 0 0 0 197 798 1055 967 1095 1161 1182 1293 1304 1414 1624 
0 0 0 0 0 0 0 0 183 797 942 1018 1023 1188 1255 1258 1377 1372 1431 1519 
0 0 0 0 0 0 0 104 757 958 940 1130 1026 1103 1206 1208 1318 1376 1402 1540 
0 0 0 0 0 0 183 757 908 1038 1156 1108 1138 1173 1264 1418 1418 1508 1548 1724 
0 0 0 0 0 197 797 958 1038 1154 1144 1201 1243 1281 1450 1656 1647 1716 1705 1917 
0 0 0 0 144 798 942 940 1156 1144 1226 1343 1353 1404 1472 1544 1553 1731 1792 1889 
0 0 0 187 785 1055 1018 1130 1108 1201 1343 1434 1490 1450 1642 1616 1746 1910 1944 2023 
0 0 194 848 973 967 1023 1026 1138 1243 1353 1490 1434 1591 1711 1818 1834 1864 1963 2106 
0 296 1179 1044 988 1095 1188 1103 1173 1281 1404 1450 1591 1598 1745 1666 1890 2008 1964 2220 
294 2018 1459 1072 1045 1161 1255 1206 1264 1450 1472 1642 1711 1745 1804 1734 2030 2143 2099 2246 
1074 2608 1594 1210 1036 1182 1258 1208 1418 1656 1544 1616 1818 1666 1734 1998 2124 2218 2204 2418 
356 2017 1550 1129 1167 1293 1377 1318 1418 1647 1553 1746 1834 1890 2030 2124 2146 2333 2384 2528 
0 394 1270 1275 1224 1304 1372 1376 1508 1716 1731 1910 1864 2008 2143 2218 2333 2538 2589 2661 
0 0 300 1274 1326 1414 1431 1402 1548 1705 1792 1944 1963 1964 2099 2204 2384 2589 2502 2704 
0 0 0 278 1248 1624 1519 1540 1724 1917 1889 2023 2106 2220 2246 2418 2528 2661 2704 2968 


0 0 0 0 0 0 0 0 0 0 0 0 0 0 0 356 1286 423 0 0 
0 0 0 0 0 0 0 0 0 0 0 0 0 0 358 2017 2836 2466 448 0 
0 0 0 0 0 0 0 0 0 0 0 0 0 225 1204 1550 1532 1777 1547 320 
0 0 0 0 0 0 0 0 0 0 0 0 232 994 1179 1129 1440 1274 1342 1349 
0 0 0 0 0 0 0 0 0 0 0 194 933 1065 1146 1167 1448 1200 1361 1490 
0 0 0 0 0 0 0 0 0 0 162 1010 1110 1134 1166 1293 1180 1419 1477 1594 
0 0 0 0 0 0 0 0 0 194 870 1053 1079 1194 1345 1377 1444 1506 1490 1603 
0 0 0 0 0 0 0 0 151 940 956 1041 1133 1120 1213 1318 1344 1424 1559 1643 
0 0 0 0 0 0 0 151 878 1151 1153 1244 1165 1188 1360 1418 1510 1592 1630 1763 
0 0 0 0 0 0 194 940 1151 1132 1257 1296 1354 1364 1529 1647 1674 1768 1784 2025 
0 0 0 0 0 162 870 956 1153 1257 1360 1411 1457 1504 1595 1553 1676 1863 1909 1953 
0 0 0 0 194 1010 1053 1041 1244 1296 1411 1380 1536 1613 1689 1746 1840 1970 1912 2165 
0 0 0 232 933 1110 1079 1133 1165 1354 1457 1536 1534 1663 1685 1834 2014 1990 2067 2296 
0 0 225 994 1065 1134 1194 1120 1188 1364 1504 1613 1663 1776 1825 1890 1980 2080 2216 2305 
0 358 1204 1179 1146 1166 1345 1213 1360 1529 1595 1689 1685 1825 2018 2030 1914 2221 2218 2373 
356 2017 1550 1129 1167 1293 1377 1318 1418 1647 1553 1746 1834 1890 2030 2124 2146 2333 2384 2528 
1286 2836 1532 1440 1448 1180 1444 1344 1510 1674 1676 1840 2014 1980 1914 2146 2106 2334 2318 2686 
423 2466 1777 1274 1200 1419 1506 1424 1592 1768 1863 1970 1990 2080 2221 2333 2334 2582 2768 2703 
0 448 1547 1342 1361 1477 1490 1559 1630 1784 1909 1912 2067 2216 2218 2384 2318 2768 2678 2921 
0 0 320 1349 1490 1594 1603 1643 1763 2025 1953 2165 2296 2305 2373 2528 2686 2703 2921 2954 


0 0 0 0 0 0 0 0 0 0 0 0 0 0 0 0 423 1550 402 0 
0 0 0 0 0 0 0 0 0 0 0 0 0 0 0 394 2466 3048 2668 523 
0 0 0 0 0 0 0 0 0 0 0 0 0 0 230 1270 1777 2008 1990 1804 
0 0 0 0 0 0 0 0 0 0 0 0 0 243 1183 1275 1274 1346 1516 1641 
0 0 0 0 0 0 0 0 0 0 0 0 205 952 1220 1224 1200 1284 1344 1639 
0 0 0 0 0 0 0 0 0 0 0 212 1118 1233 1352 1304 1419 1468 1593 1681 
0 0 0 0 0 0 0 0 0 0 235 1019 1216 1379 1306 1372 1506 1680 1622 1750 
0 0 0 0 0 0 0 0 0 212 981 1247 1143 1262 1355 1376 1424 1556 1639 1746 
0 0 0 0 0 0 0 0 206 1007 1250 1317 1320 1394 1450 1508 1592 1684 1698 1932 
0 0 0 0 0 0 0 212 1007 1388 1263 1358 1359 1559 1544 1716 1768 1858 1888 2019 
0 0 0 0 0 0 235 981 1250 1263 1314 1553 1493 1673 1698 1731 1863 1940 2079 2168 
0 0 0 0 0 212 1019 1247 1317 1358 1553 1614 1564 1708 1788 1910 1970 2084 2192 2280 
0 0 0 0 205 1118 1216 1143 1320 1359 1493 1564 1560 1744 1872 1864 1990 2158 2166 2361 
0 0 0 243 952 1233 1379 1262 1394 1559 1673 1708 1744 1864 1942 2008 2080 2332 2327 2531 
0 0 230 1183 1220 1352 1306 1355 1450 1544 1698 1788 1872 1942 2138 2143 2221 2476 2468 2512 
0 394 1270 1275 1224 1304 1372 1376 1508 1716 1731 1910 1864 2008 2143 2218 2333 2538 2589 2661 
423 2466 1777 1274 1200 1419 1506 1424 1592 1768 1863 1970 1990 2080 2221 2333 2334 2582 2768 2703 
1550 3048 2008 1346 1284 1468 1680 1556 1684 1858 1940 2084 2158 2332 2476 2538 2582 2748 2866 3060 
402 2668 1990 1516 1344 1593 1622 1639 1698 1888 2079 2192 2166 2327 2468 2589 2768 2866 2974 3141 
0 523 1804 1641 1639 1681 1750 1746 1932 2019 2168 2280 2361 2531 2512 2661 2703 3060 3141 3214 


0 0 0 0 0 0 0 0 0 0 0 0 0 0 0 0 0 402 1420 434 
0 0 0 0 0 0 0 0 0 0 0 0 0 0 0 0 448 2668 3348 2912 
0 0 0 0 0 0 0 0 0 0 0 0 0 0 0 300 1547 1990 2050 2222 
0 0 0 0 0 0 0 0 0 0 0 0 0 0 258 1274 1342 1516 1534 1627 
0 0 0 0 0 0 0 0 0 0 0 0 0 234 1107 1326 1361 1344 1494 1542 
0 0 0 0 0 0 0 0 0 0 0 0 232 1077 1382 1414 1477 1593 1588 1659 
0 0 0 0 0 0 0 0 0 0 0 229 1184 1437 1446 1431 1490 1622 1732 1777 
0 0 0 0 0 0 0 0 0 0 229 1092 1302 1322 1430 1402 1559 1639 1768 1812 
0 0 0 0 0 0 0 0 0 216 1056 1386 1292 1469 1560 1548 1630 1698 1848 1912 
0 0 0 0 0 0 0 0 216 1202 1408 1522 1415 1589 1684 1705 1784 1888 2026 2087 
0 0 0 0 0 0 0 229 1056 1408 1366 1508 1446 1572 1655 1792 1909 2079 2004 2227 
0 0 0 0 0 0 229 1092 1386 1522 1508 1576 1664 1705 1861 1944 1912 2192 2250 2327 
0 0 0 0 0 232 1184 1302 1292 1415 1446 1664 1676 1782 1775 1963 2067 2166 2332 2424 
0 0 0 0 234 1077 1437 1322 1469 1589 1572 1705 1782 1928 1961 1964 2216 2327 2262 2543 
0 0 0 258 1107 1382 1446 1430 1560 1684 1655 1861 1775 1961 2170 2099 2218 2468 2360 2617 
0 0 300 1274 1326 1414 1431 1402 1548 1705 1792 1944 1963 1964 2099 2204 2384 2589 2502 2704 
0 448 1547 1342 1361 1477 1490 1559 1630 1784 1909 1912 2067 2216 2218 2384 2318 2768 2678 2921 
402 2668 1990 1516 1344 1593 1622 1639 1698 1888 2079 2192 2166 2327 2468 2589 2768 2866 2974 3141 
1420 3348 2050 1534 1494 1588 1732 1768 1848 2026 2004 2250 2332 2262 2360 2502 2678 2974 3264 3034 
434 2912 2222 1627 1542 1659 1777 1812 1912 2087 2227 2327 2424 2543 2617 2704 2921 3141 3034 3334 


0 0 0 0 0 0 0 0 0 0 0 0 0 0 0 0 0 0 434 1854 
0 0 0 0 0 0 0 0 0 0 0 0 0 0 0 0 0 523 2912 3802 
0 0 0 0 0 0 0 0 0 0 0 0 0 0 0 0 320 1804 2222 2258 
0 0 0 0 0 0 0 0 0 0 0 0 0 0 0 278 1349 1641 1627 1570 
0 0 0 0 0 0 0 0 0 0 0 0 0 0 237 1248 1490 1639 1542 1710 
0 0 0 0 0 0 0 0 0 0 0 0 0 252 1292 1624 1594 1681 1659 1680 
0 0 0 0 0 0 0 0 0 0 0 0 258 1341 1540 1519 1603 1750 1777 1968 
0 0 0 0 0 0 0 0 0 0 0 242 1235 1501 1386 1540 1643 1746 1812 1894 
0 0 0 0 0 0 0 0 0 0 202 1176 1519 1568 1818 1724 1763 1932 1912 2012 
0 0 0 0 0 0 0 0 0 302 1326 1581 1587 1654 1739 1917 2025 2019 2087 2280 
0 0 0 0 0 0 0 0 202 1326 1516 1679 1674 1768 1841 1889 1953 2168 2227 2388 
0 0 0 0 0 0 0 242 1176 1581 1679 1680 1826 1842 1917 2023 2165 2280 2327 2340 
0 0 0 0 0 0 258 1235 1519 1587 1674 1826 1890 1742 1960 2106 2296 2361 2424 2452 
0 0 0 0 0 252 1341 1501 1568 1654 1768 1842 1742 1910 2142 2220 2305 2531 2543 2816 
0 0 0 0 237 1292 1540 1386 1818 1739 1841 1917 1960 2142 2270 2246 2373 2512 2617 2806 
0 0 0 278 1248 1624 1519 1540 1724 1917 1889 2023 2106 2220 2246 2418 2528 2661 2704 2968 
0 0 320 1349 1490 1594 1603 1643 1763 2025 1953 2165 2296 2305 2373 2528 2686 2703 2921 2954 
0 523 1804 1641 1639 1681 1750 1746 1932 2019 2168 2280 2361 2531 2512 2661 2703 3060 3141 3214 
434 2912 2222 1627 1542 1659 1777 1812 1912 2087 2227 2327 2424 2543 2617 2704 2921 3141 3034 3334 
1854 3802 2258 1570 1710 1680 1968 1894 2012 2280 2388 2340 2452 2816 2806 2968 2954 3214 3334 3060 


