6.064300000000000000e+04
4.108740000000000000e+05
1.068854000000000000e+06
2.009374000000000000e+06
3.199912000000000000e+06
4.584616000000000000e+06
6.155347000000000000e+06
7.870337000000000000e+06
9.683011000000000000e+06
1.161138300000000000e+07
1.358920000000000000e+07
1.563998600000000000e+07
1.766992400000000000e+07
1.968919000000000000e+07
2.168039300000000000e+07
2.358553400000000000e+07
2.543074500000000000e+07
2.722722000000000000e+07
2.890656300000000000e+07
3.046817600000000000e+07
3.192025100000000000e+07
3.320929800000000000e+07
3.434886100000000000e+07
3.527785900000000000e+07
3.602826600000000000e+07
3.661389800000000000e+07
3.702643800000000000e+07
3.722310400000000000e+07
3.720456600000000000e+07
3.696153900000000000e+07
