6.113800000000000000e+04
4.112600000000000000e+05
1.076324000000000000e+06
2.020216000000000000e+06
3.199534000000000000e+06
4.589242000000000000e+06
6.152938000000000000e+06
7.858726000000000000e+06
9.687306000000000000e+06
1.159420600000000000e+07
1.356441200000000000e+07
1.555523000000000000e+07
1.758216400000000000e+07
1.958674800000000000e+07
2.155656800000000000e+07
2.346539800000000000e+07
2.532781200000000000e+07
2.709142200000000000e+07
2.877094000000000000e+07
3.030245400000000000e+07
3.172183600000000000e+07
3.302151600000000000e+07
3.415814200000000000e+07
3.513486600000000000e+07
3.593891200000000000e+07
3.656038600000000000e+07
3.699920000000000000e+07
3.725077800000000000e+07
3.728912400000000000e+07
3.711920800000000000e+07
