4
12
24
82
96
146
194
250
282
424
500
558
638
728
876
932
1080
1304
1248
1500
1524
1646
1792
2070
2094
2184
2328
2500
2638
2800
2816
3024
2920
2938
3064
3096
3198
3070
3204
3258
3206
3290
3300
3326
3284
3294
3378
3172
3354
3310
3104
3204
3252
3222
3304
3170
3122
3172
3178
2930
3138
2984
3066
3126
3010
3076
3064
3052
3108
3006
2912
2980
3154
3128
3144
2954
3054
3008
3092
3128
2958
3064
3146
3230
3248
3128
3298
3254
3308
3448
3244
3364
3252
3352
3492
3410
3496
3538
3526
3680
3536
3624
3832
3714
3736
3646
3872
3880
3818
3866
4034
3980
4120
3992
4334
4154
4224
4160
4248
4286
4534
4564
4630
4702
4712
4750
4818
4774
4722
5068
4838
5204
5166
5242
5216
5250
5264
5542
5384
5646
5682
5866
5712
5774
5796
5908
6208
5964
6116
6138
6296
6406
6652
6276
6584
6244
6796
6694
6858
6864
6960
7040
7150
7184
6910
7388
7338
7360
7658
7566
7748
7778
7844
7768
7986
8030
8038
7940
8130
8280
8472
8426
8586
8560
8976
8622
8842
8884
9020
9030
9236
9198
9412
9448
9588
9782
9716
9702
9948
10062
10006
9934
10148
10304
10086
10634
10546
10438
10600
10792
10702
10944
11196
11234
11222
11180
11540
11380
11286
11694
11628
11844
11818
11796
11866
12024
12548
11966
12216
12632
12736
12466
12690
12976
12894
13304
12884
13544
13148
13508
13460
13314
13540
13356
13788
13994
13884
14170
14064
14250
14384
14308
14508
14602
14942
14772
14862
14902
15422
15144
15234
15596
15294
15638
15626
15658
15888
15502
15928
16340
16428
16154
16576
16502
16772
16980
16856
17176
17236
16962
17004
16912
17396
17618
17846
17832
18056
17662
18052
18110
18252
18424
18364
18520
18530
18680
18360
18704
18706
18866
19166
19166
19386
19570
19872
19366
19746
20216
19916
20010
20244
20180
20512
20514
20698
20790
21354
20870
21142
21110
21194
21554
22190
21972
21884
21708
22372
22400
22612
22496
22678
22718
22984
22770
23012
22878
23572
23628
23758
23514
23802
23716
24140
24176
24304
24734
24612
24720
24820
24870
24782
25018
25422
25716
25066
25824
26062
25924
26252
25972
26894
26540
26918
26852
27014
26408
27260
27550
27430
27370
27970
27838
28274
28408
28710
28452
28432
28018
28292
28542
28432
29616
29392
29458
29626
29584
29744
29800
29900
29938
30438
30716
30690
31112
30778
31526
30760
31458
31482
31424
31464
31946
32066
32212
32292
32394
32754
32840
33058
33384
33574
33378
33140
33460
33736
33642
34272
34590
34596
34756
34734
34984
35468
35032
35540
35624
36146
36040
35604
36668
36884
36790
36662
36888
37298
37448
37156
37372
37556
38006
38104
38622
37988
38464
38662
38444
39360
39654
39324
39566
39584
39712
40180
39682
40398
40446
40906
40900
40898
41440
41590
41864
41872
42036
42110
41962
42536
42868
43000
42588
43062
43572
43518
43894
44460
44186
44372
44510
44768
45018
44834
45384
45252
46018
45336
46230
45894
46104
46730
46396
46216
47074
46796
47150
47850
47168
48040
47920
48092
47886
48354
48876
48990
49278
49320
49520
49624
49052
49804
49500
50424
50156
50462
50450
50932
51134
51444
51072
51976
51906
52204
52374
52662
52798
53372
53192
53460
53500
53574
54596
54866
54246
54762
54472
55114
54758
55300
55490
55512
55344
55954
56154
55908
56568
56876
56906
56954
57736
58114
57530
58020
58462
59046
59036
58908
58610
59518
59502
59892
59672
59358
60096
60400
61148
61018
61346
61500
62532
61318
61992
62214
62394
62420
62776
63144
63492
63808
63108
63722
64050
64146
63728
64876
65020
65194
64998
65854
65752
65322
65924
66000
66474
66706
67268
67148
67236
67536
67828
68198
67944
68698
68504
68842
69042
69266
69274
69276
70284
70822
70180
70966
70380
71312
70990
71722
71760
71720
71698
72080
72136
72992
72508
72868
72966
73506
73466
74118
73750
74780
74682
75002
75466
75570
75500
75960
75794
75872
76456
76548
76894
76682
77328
77362
78314
78312
77834
78880
79414
78354
79658
78966
79734
80254
80622
80728
80080
81966
81012
80824
81924
81574
81814
82948
82930
82786
84290
83402
83506
84120
83700
84138
84058
84880
84550
84916
85576
85832
86700
86196
86946
86744
87062
87712
88012
88292
89214
87968
88552
89702
89482
89450
89106
90560
89810
90092
89624
90828
91824
91208
91534
92126
91714
92566
92846
93062
93164
93418
93160
93736
94414
94296
94166
94700
95204
94776
96054
96688
96350
95942
96528
97366
96456
98228
97538
98718
98756
98836
99552
99508
99736
99782
100338
100256
99830
101324
101496
101480
101652
102204
102614
102680
103234
103604
103070
103652
104170
104564
104408
105536
104336
105230
106114
106012
106384
106046
107050
107030
107468
107620
108152
107358
108266
108126
109488
109670
109284
110500
109158
110426
111360
111030
111208
111162
111856
112432
111750
112748
113074
112996
113122
113530
113936
113946
114544
114640
114440
114630
115324
115840
115894
116236
116900
116710
117604
117914
116980
117926
118202
118300
118758
120274
119260
120034
120098
120838
120394
120654
121800
121570
122000
122058
121920
122560
122892
123104
124204
124178
123230
124720
125026
124910
125746
125360
125678
126814
125704
126442
127580
127922
128034
127640
127632
128510
128736
129346
129950
129970
130468
130610
130638
131302
131610
131668
131940
132420
132858
132658
132694
133462
133592
134162
134100
135186
135208
135648
135702
135644
136960
136994
136786
137296
137644
137416
138566
139290
139688
138860
139608
140540
139798
139894
140350
141370
141228
141290
141808
143000
142784
142932
143516
143302
144110
143656
144304
145150
145606
145704
146858
147090
147072
146644
146514
147702
147810
147876
147694
148514
148842
148612
150272
150196
151204
150304
149818
151022
151720
152778
152596
153560
153348
152700
153792
153386
154920
154180
154072
154410
156542
155224
156496
156334
156694
157914
157568
157572
158884
158232
159538
159134
159102
159364
159950
160922
160546
161488
162926
160996
162360
163054
163380
164564
164314
164090
163902
164344
165664
165346
165818
166456
166534
167436
167484
167382
167546
168344
167676
168948
168378
169626
168526
170976
170364
171512
171398
172248
173254
173122
172914
173074
173048
173394
174026
174156
174372
174390
175406
176896
176820
177754
177196
177836
177150
177264
178282
178824
179222
179768
179254
181144
180654
181680
181828
182054
182498
183022
182920
183504
184010
183692
184852
