1862583280 22015 1862585584 22015 1862587888 22015 1862590192 22015 1862592496 22015 1862594800 22015 1862597104 22015 1862599408 22015 1862601712 22015 1862604016 22015 0 0 97 0 1862583376 22015 1862585680 22015 1862587984 22015 1862590288 22015 1862592592 22015 1862594896 22015 1862597200 22015 1862599504 22015 1862601808 22015 1862604112 22015 0 0 97 0 1862583472 22015 1862585776 22015 1862588080 22015 1862590384 22015 1862592688 22015 1862594992 22015 1862597296 22015 1862599600 22015 1862601904 22015 1862604208 22015 0 0 97 0 1862583568 22015 1862585872 22015 1862588176 22015 1862590480 22015 1862592784 22015 1862595088 22015 1862597392 22015 1862599696 22015 1862602000 22015 1862604304 22015 0 0 97 0 1862583664 22015 1862583856 22015 
1862584048 22015 1862584240 22015 1862584432 22015 1862584624 22015 1862584816 22015 1862585008 22015 1862585200 22015 1862585392 22015 0 0 97 0 1862583712 22015 1862583904 22015 1862584096 22015 1862584288 22015 1862584480 22015 1862584672 22015 1862584864 22015 1862585056 22015 1862585248 22015 1862585440 22015 0 0 97 0 1862583760 22015 1862583952 22015 1862584144 22015 1862584336 22015 1862584528 22015 1862584720 22015 1862584912 22015 1862585104 22015 1862585296 22015 1862585488 22015 0 0 97 0 1862583808 22015 1862584000 22015 1862584192 22015 1862584384 22015 1862584576 22015 1862584768 22015 1862584960 22015 1862585152 22015 1862585344 22015 1862585536 22015 0 0 49 0 366 130 0 0 0 0 0 0 
0 0 49 0 0 0 0 0 0 0 0 0 0 0 49 0 0 0 0 0 0 0 0 0 0 0 49 0 0 0 0 0 0 0 0 0 0 0 49 0 130 958 331 0 0 0 0 0 0 0 49 0 0 0 0 0 0 0 0 0 0 0 49 0 0 0 0 0 0 0 0 0 0 0 49 0 0 0 0 0 0 0 0 0 0 0 49 0 0 331 2030 591 0 0 0 0 0 0 49 0 
0 0 0 0 0 0 0 0 0 0 49 0 0 0 0 0 0 0 0 0 0 0 49 0 0 0 0 0 0 0 0 0 0 0 49 0 0 0 591 3272 1000 0 0 0 0 0 49 0 0 0 0 0 0 0 0 0 0 0 49 0 0 0 0 0 0 0 0 0 0 0 49 0 0 0 0 0 0 0 0 0 0 0 49 0 0 0 0 1000 4858 1295 0 0 0 0 49 0 0 0 0 0 
0 0 0 0 0 0 49 0 0 0 0 0 0 0 0 0 0 0 49 0 0 0 0 0 0 0 0 0 0 0 49 0 0 0 0 0 1295 5986 1618 0 0 0 49 0 0 0 0 0 0 0 0 0 0 0 49 0 0 0 0 0 0 0 0 0 0 0 49 0 0 0 0 0 0 0 0 0 0 0 49 0 0 0 0 0 0 1618 8372 2199 0 0 49 0 0 0 0 0 0 0 0 0 
0 0 49 0 0 0 0 0 0 0 0 0 0 0 49 0 0 0 0 0 0 0 0 0 0 0 49 0 0 0 0 0 0 0 2199 10092 2733 0 49 0 0 0 0 0 0 0 0 0 0 0 49 0 0 0 0 0 0 0 0 0 0 0 49 0 0 0 0 0 0 0 0 0 0 0 49 0 0 0 0 0 0 0 0 2733 12392 2923 49 0 0 0 0 0 0 0 0 0 0 0 49 0 
0 0 0 0 0 0 0 0 0 0 49 0 0 0 0 0 0 0 0 0 0 0 49 0 0 0 0 0 0 0 0 0 2923 13494 49 0 0 0 0 0 0 0 0 0 0 0 49 0 0 0 0 0 0 0 0 0 0 0 49 0 0 0 0 0 0 0 0 0 0 0 97 0 1862585968 22015 1862586160 22015 1862586352 22015 1862586544 22015 1862586736 22015 1862586928 22015 1862587120 22015 1862587312 22015 1862587504 22015 1862587696 22015 0 0 97 0 1862586016 22015 1862586208 22015 
1862586400 22015 1862586592 22015 1862586784 22015 1862586976 22015 1862587168 22015 1862587360 22015 1862587552 22015 1862587744 22015 0 0 97 0 1862586064 22015 1862586256 22015 1862586448 22015 1862586640 22015 1862586832 22015 1862587024 22015 1862587216 22015 1862587408 22015 1862587600 22015 1862587792 22015 0 0 97 0 1862586112 22015 1862586304 22015 1862586496 22015 1862586688 22015 1862586880 22015 1862587072 22015 1862587264 22015 1862587456 22015 1862587648 22015 1862587840 22015 0 0 49 0 130 958 331 0 0 0 0 0 0 0 49 0 0 0 0 0 0 0 0 0 0 0 49 0 0 0 0 0 0 0 0 0 
0 0 49 0 0 0 0 0 0 0 0 0 0 0 49 0 958 1638 2178 596 0 0 0 0 0 0 49 0 0 0 0 0 0 0 0 0 0 0 49 0 0 0 0 0 0 0 0 0 0 0 49 0 0 0 0 0 0 0 0 0 0 0 49 0 331 2178 3466 3897 1185 0 0 0 0 0 49 0 0 0 0 0 0 0 0 0 0 0 49 0 0 0 0 0 0 0 0 0 0 0 49 0 
0 0 0 0 0 0 0 0 0 0 49 0 0 596 3897 6064 6361 1729 0 0 0 0 49 0 0 0 0 0 0 0 0 0 0 0 49 0 0 0 0 0 0 0 0 0 0 0 49 0 0 0 0 0 0 0 0 0 0 0 49 0 0 0 1185 6361 9130 8958 2304 0 0 0 49 0 0 0 0 0 0 0 0 0 0 0 49 0 0 0 0 0 0 0 0 0 0 0 49 0 0 0 0 0 
