3505910960 22015 3505913264 22015 3505915568 22015 3505917872 22015 3505920176 22015 3505922480 22015 3505924784 22015 3505927088 22015 3505929392 22015 3505931696 22015 0 0 97 0 3505911056 22015 3505913360 22015 3505915664 22015 3505917968 22015 3505920272 22015 3505922576 22015 3505924880 22015 3505927184 22015 3505929488 22015 3505931792 22015 0 0 97 0 3505911152 22015 3505911344 22015 3505911536 22015 3505911728 22015 3505911920 22015 3505912112 22015 3505912304 22015 3505912496 22015 3505912688 22015 3505912880 22015 0 0 97 0 3505911200 22015 3505911392 22015 3505911584 22015 3505911776 22015 3505911968 22015 3505912160 22015 3505912352 22015 3505912544 22015 3505912736 22015 3505912928 22015 0 0 97 0 3505911248 22015 3505911440 22015 
3505911632 22015 3505911824 22015 3505912016 22015 3505912208 22015 3505912400 22015 3505912592 22015 3505912784 22015 3505912976 22015 0 0 97 0 3505911296 22015 3505911488 22015 3505911680 22015 3505911872 22015 3505912064 22015 3505912256 22015 3505912448 22015 3505912640 22015 3505912832 22015 3505913024 22015 0 0 49 0 366 130 0 0 0 0 0 0 0 0 49 0 0 0 0 0 0 0 0 0 0 0 49 0 0 0 0 0 0 0 0 0 0 0 49 0 0 0 0 0 0 0 0 0 0 0 49 0 130 958 331 0 0 0 0 0 
0 0 49 0 0 0 0 0 0 0 0 0 0 0 49 0 0 0 0 0 0 0 0 0 0 0 49 0 0 0 0 0 0 0 0 0 0 0 49 0 0 331 2030 591 0 0 0 0 0 0 49 0 0 0 0 0 0 0 0 0 0 0 49 0 0 0 0 0 0 0 0 0 0 0 49 0 0 0 0 0 0 0 0 0 0 0 49 0 0 0 591 3272 1000 0 0 0 0 0 49 0 
0 0 0 0 0 0 0 0 0 0 49 0 0 0 0 0 0 0 0 0 0 0 49 0 0 0 0 0 0 0 0 0 0 0 49 0 0 0 0 1000 4858 1295 0 0 0 0 49 0 0 0 0 0 0 0 0 0 0 0 49 0 0 0 0 0 0 0 0 0 0 0 49 0 0 0 0 0 0 0 0 0 0 0 49 0 0 0 0 0 1295 5986 1618 0 0 0 49 0 0 0 0 0 
0 0 0 0 0 0 49 0 0 0 0 0 0 0 0 0 0 0 49 0 0 0 0 0 0 0 0 0 0 0 49 0 0 0 0 0 0 1618 8372 2199 0 0 49 0 0 0 0 0 0 0 0 0 0 0 49 0 0 0 0 0 0 0 0 0 0 0 49 0 0 0 0 0 0 0 0 0 0 0 49 0 0 0 0 0 0 0 2199 10092 2733 0 49 0 0 0 0 0 0 0 0 0 
0 0 49 0 0 0 0 0 0 0 0 0 0 0 49 0 0 0 0 0 0 0 0 0 0 0 49 0 0 0 0 0 0 0 0 2733 12392 2923 49 0 0 0 0 0 0 0 0 0 0 0 49 0 0 0 0 0 0 0 0 0 0 0 49 0 0 0 0 0 0 0 0 0 0 0 49 0 0 0 0 0 0 0 0 0 2923 13494 49 0 0 0 0 0 0 0 0 0 0 0 49 0 
0 0 0 0 0 0 0 0 0 0 49 0 0 0 0 0 0 0 0 0 0 0 97 0 3505913456 22015 3505913648 22015 3505913840 22015 3505914032 22015 3505914224 22015 3505914416 22015 3505914608 22015 3505914800 22015 3505914992 22015 3505915184 22015 0 0 97 0 3505913504 22015 3505913696 22015 3505913888 22015 3505914080 22015 3505914272 22015 3505914464 22015 3505914656 22015 3505914848 22015 3505915040 22015 3505915232 22015 0 0 97 0 3505913552 22015 3505913744 22015 3505913936 22015 3505914128 22015 3505914320 22015 3505914512 22015 3505914704 22015 3505914896 22015 3505915088 22015 3505915280 22015 0 0 97 0 3505913600 22015 3505913792 22015 
3505913984 22015 3505914176 22015 3505914368 22015 3505914560 22015 3505914752 22015 3505914944 22015 3505915136 22015 3505915328 22015 0 0 49 0 130 958 331 0 0 0 0 0 0 0 49 0 0 0 0 0 0 0 0 0 0 0 49 0 0 0 0 0 0 0 0 0 0 0 49 0 0 0 0 0 0 0 0 0 0 0 49 0 958 1638 2178 596 0 0 0 0 0 0 49 0 0 0 0 0 0 0 0 0 0 0 49 0 0 0 0 0 0 0 0 0 
0 0 49 0 0 0 0 0 0 0 0 0 0 0 49 0 331 2178 3466 3897 1185 0 0 0 0 0 49 0 0 0 0 0 0 0 0 0 0 0 49 0 0 0 0 0 0 0 0 0 0 0 49 0 0 0 0 0 0 0 0 0 0 0 49 0 0 596 3897 6064 6361 1729 0 0 0 0 49 0 0 0 0 0 0 0 0 0 0 0 49 0 0 0 0 0 0 0 0 0 0 0 49 0 
0 0 0 0 0 0 0 0 0 0 49 0 0 0 1185 6361 9130 8958 2304 0 0 0 49 0 0 0 0 0 0 0 0 0 0 0 49 0 0 0 0 0 0 0 0 0 0 0 49 0 0 0 0 0 0 0 0 0 0 0 49 0 0 0 0 1729 8958 11398 11268 2896 0 0 49 0 0 0 0 0 0 0 0 0 0 0 49 0 0 0 0 0 0 0 0 0 0 0 49 0 0 0 0 0 
