5.732000000000000000e+03
1.407800000000000000e+04
3.066800000000000000e+04
5.187200000000000000e+04
7.927200000000000000e+04
1.106960000000000000e+05
1.444780000000000000e+05
1.844280000000000000e+05
2.255940000000000000e+05
2.711580000000000000e+05
3.151820000000000000e+05
3.630940000000000000e+05
4.107480000000000000e+05
4.644620000000000000e+05
5.094340000000000000e+05
5.574520000000000000e+05
5.984540000000000000e+05
6.384440000000000000e+05
6.798320000000000000e+05
7.158600000000000000e+05
7.464260000000000000e+05
7.764940000000000000e+05
8.033800000000000000e+05
8.188920000000000000e+05
8.397180000000000000e+05
8.535560000000000000e+05
8.671160000000000000e+05
8.718800000000000000e+05
8.725780000000000000e+05
8.651660000000000000e+05
