954708896 22015 954711200 22015 954713504 22015 954715808 22015 954718112 22015 954720416 22015 954722720 22015 954725024 22015 954727328 22015 954729632 22015 0 0 97 0 954708992 22015 954711296 22015 954713600 22015 954715904 22015 954718208 22015 954720512 22015 954722816 22015 954725120 22015 954727424 22015 954729728 22015 0 0 97 0 954709088 22015 954709280 22015 954709472 22015 954709664 22015 954709856 22015 954710048 22015 954710240 22015 954710432 22015 954710624 22015 954710816 22015 0 0 97 0 954709136 22015 954709328 22015 954709520 22015 954709712 22015 954709904 22015 954710096 22015 954710288 22015 954710480 22015 954710672 22015 954710864 22015 0 0 97 0 954709184 22015 954709376 22015 
954709568 22015 954709760 22015 954709952 22015 954710144 22015 954710336 22015 954710528 22015 954710720 22015 954710912 22015 0 0 97 0 954709232 22015 954709424 22015 954709616 22015 954709808 22015 954710000 22015 954710192 22015 954710384 22015 954710576 22015 954710768 22015 954710960 22015 0 0 49 0 61 28 0 0 0 0 0 0 0 0 49 0 0 0 0 0 0 0 0 0 0 0 49 0 0 0 0 0 0 0 0 0 0 0 49 0 0 0 0 0 0 0 0 0 0 0 49 0 23 108 27 0 0 0 0 0 
0 0 49 0 0 0 0 0 0 0 0 0 0 0 49 0 0 0 0 0 0 0 0 0 0 0 49 0 0 0 0 0 0 0 0 0 0 0 49 0 0 55 145 48 0 0 0 0 0 0 49 0 0 0 0 0 0 0 0 0 0 0 49 0 0 0 0 0 0 0 0 0 0 0 49 0 0 0 0 0 0 0 0 0 0 0 49 0 0 0 72 187 61 0 0 0 0 0 49 0 
0 0 0 0 0 0 0 0 0 0 49 0 0 0 0 0 0 0 0 0 0 0 49 0 0 0 0 0 0 0 0 0 0 0 49 0 0 0 0 78 213 31 0 0 0 0 49 0 0 0 0 0 0 0 0 0 0 0 49 0 0 0 0 0 0 0 0 0 0 0 49 0 0 0 0 0 0 0 0 0 0 0 49 0 0 0 0 0 92 228 36 0 0 0 49 0 0 0 0 0 
0 0 0 0 0 0 49 0 0 0 0 0 0 0 0 0 0 0 49 0 0 0 0 0 0 0 0 0 0 0 49 0 0 0 0 0 0 130 360 53 0 0 49 0 0 0 0 0 0 0 0 0 0 0 49 0 0 0 0 0 0 0 0 0 0 0 49 0 0 0 0 0 0 0 0 0 0 0 49 0 0 0 0 0 0 0 202 427 65 0 49 0 0 0 0 0 0 0 0 0 
0 0 49 0 0 0 0 0 0 0 0 0 0 0 49 0 0 0 0 0 0 0 0 0 0 0 49 0 0 0 0 0 0 0 0 285 513 81 49 0 0 0 0 0 0 0 0 0 0 0 49 0 0 0 0 0 0 0 0 0 0 0 49 0 0 0 0 0 0 0 0 0 0 0 49 0 0 0 0 0 0 0 0 0 249 572 49 0 0 0 0 0 0 0 0 0 0 0 49 0 
0 0 0 0 0 0 0 0 0 0 49 0 0 0 0 0 0 0 0 0 0 0 97 0 954711392 22015 954711584 22015 954711776 22015 954711968 22015 954712160 22015 954712352 22015 954712544 22015 954712736 22015 954712928 22015 954713120 22015 0 0 97 0 954711440 22015 954711632 22015 954711824 22015 954712016 22015 954712208 22015 954712400 22015 954712592 22015 954712784 22015 954712976 22015 954713168 22015 0 0 97 0 954711488 22015 954711680 22015 954711872 22015 954712064 22015 954712256 22015 954712448 22015 954712640 22015 954712832 22015 954713024 22015 954713216 22015 0 0 97 0 954711536 22015 954711728 22015 
954711920 22015 954712112 22015 954712304 22015 954712496 22015 954712688 22015 954712880 22015 954713072 22015 954713264 22015 0 0 49 0 14 208 72 0 0 0 0 0 0 0 49 0 0 0 0 0 0 0 0 0 0 0 49 0 0 0 0 0 0 0 0 0 0 0 49 0 0 0 0 0 0 0 0 0 0 0 49 0 156 267 299 85 0 0 0 0 0 0 49 0 0 0 0 0 0 0 0 0 0 0 49 0 0 0 0 0 0 0 0 0 
0 0 49 0 0 0 0 0 0 0 0 0 0 0 49 0 44 339 419 385 102 0 0 0 0 0 49 0 0 0 0 0 0 0 0 0 0 0 49 0 0 0 0 0 0 0 0 0 0 0 49 0 0 0 0 0 0 0 0 0 0 0 49 0 0 80 431 584 462 137 0 0 0 0 49 0 0 0 0 0 0 0 0 0 0 0 49 0 0 0 0 0 0 0 0 0 0 0 49 0 
0 0 0 0 0 0 0 0 0 0 49 0 0 0 137 698 674 446 96 0 0 0 49 0 0 0 0 0 0 0 0 0 0 0 49 0 0 0 0 0 0 0 0 0 0 0 49 0 0 0 0 0 0 0 0 0 0 0 49 0 0 0 0 214 996 817 510 111 0 0 49 0 0 0 0 0 0 0 0 0 0 0 49 0 0 0 0 0 0 0 0 0 0 0 49 0 0 0 0 0 
