2175276032 22091 2175278336 22091 2175280640 22091 2175282944 22091 2175285248 22091 2175287552 22091 2175289856 22091 2175292160 22091 2175294464 22091 2175296768 22091 0 0 97 0 2175276128 22091 2175276320 22091 2175276512 22091 2175276704 22091 2175276896 22091 2175277088 22091 2175277280 22091 2175277472 22091 2175277664 22091 2175277856 22091 0 0 97 0 2175276176 22091 2175276368 22091 2175276560 22091 2175276752 22091 2175276944 22091 2175277136 22091 2175277328 22091 2175277520 22091 2175277712 22091 2175277904 22091 0 0 97 0 2175276224 22091 2175276416 22091 2175276608 22091 2175276800 22091 2175276992 22091 2175277184 22091 2175277376 22091 2175277568 22091 2175277760 22091 2175277952 22091 0 0 97 0 2175276272 22091 2175276464 22091 
2175276656 22091 2175276848 22091 2175277040 22091 2175277232 22091 2175277424 22091 2175277616 22091 2175277808 22091 2175278000 22091 0 0 49 0 366 180 0 0 0 0 0 0 0 0 49 0 0 0 0 0 0 0 0 0 0 0 49 0 0 0 0 0 0 0 0 0 0 0 49 0 0 0 0 0 0 0 0 0 0 0 49 0 120 786 294 0 0 0 0 0 0 0 49 0 0 0 0 0 0 0 0 0 0 0 49 0 0 0 0 0 0 0 0 0 
0 0 49 0 0 0 0 0 0 0 0 0 0 0 49 0 0 1986 1446 366 0 0 0 0 0 0 49 0 0 0 0 0 0 0 0 0 0 0 49 0 0 0 0 0 0 0 0 0 0 0 49 0 0 0 0 0 0 0 0 0 0 0 49 0 0 0 3546 1206 294 0 0 0 0 0 49 0 0 0 0 0 0 0 0 0 0 0 49 0 0 0 0 0 0 0 0 0 0 0 49 0 
0 0 0 0 0 0 0 0 0 0 49 0 0 0 0 6000 1098 276 0 0 0 0 49 0 0 0 0 0 0 0 0 0 0 0 49 0 0 0 0 0 0 0 0 0 0 0 49 0 0 0 0 0 0 0 0 0 0 0 49 0 0 0 0 0 7770 942 204 0 0 0 49 0 0 0 0 0 0 0 0 0 0 0 49 0 0 0 0 0 0 0 0 0 0 0 49 0 0 0 0 0 
0 0 0 0 0 0 49 0 0 0 0 0 0 9708 696 234 0 0 49 0 0 0 0 0 0 0 0 0 0 0 49 0 0 0 0 0 0 0 0 0 0 0 49 0 0 0 0 0 0 0 0 0 0 0 49 0 0 0 0 0 0 0 13194 924 264 0 49 0 0 0 0 0 0 0 0 0 0 0 49 0 0 0 0 0 0 0 0 0 0 0 49 0 0 0 0 0 0 0 0 0 
0 0 49 0 0 0 0 0 0 0 0 16398 1302 240 49 0 0 0 0 0 0 0 0 0 0 0 49 0 0 0 0 0 0 0 0 0 0 0 49 0 0 0 0 0 0 0 0 0 0 0 49 0 0 0 0 0 0 0 0 0 17520 1272 49 0 0 0 0 0 0 0 0 0 0 0 49 0 0 0 0 0 0 0 0 0 0 0 49 0 0 0 0 0 0 0 0 0 0 0 97 0 
2175278432 22091 2175278624 22091 2175278816 22091 2175279008 22091 2175279200 22091 2175279392 22091 2175279584 22091 2175279776 22091 2175279968 22091 2175280160 22091 0 0 97 0 2175278480 22091 2175278672 22091 2175278864 22091 2175279056 22091 2175279248 22091 2175279440 22091 2175279632 22091 2175279824 22091 2175280016 22091 2175280208 22091 0 0 97 0 2175278528 22091 2175278720 22091 2175278912 22091 2175279104 22091 2175279296 22091 2175279488 22091 2175279680 22091 2175279872 22091 2175280064 22091 2175280256 22091 0 0 97 0 2175278576 22091 2175278768 22091 2175278960 22091 2175279152 22091 2175279344 22091 2175279536 22091 2175279728 22091 2175279920 22091 2175280112 22091 2175280304 22091 0 0 49 0 90 1146 1986 0 
0 0 0 0 0 0 49 0 0 0 0 0 0 0 0 0 0 0 49 0 0 0 0 0 0 0 0 0 0 0 49 0 0 0 0 0 0 0 0 0 0 0 49 0 942 1638 2262 576 0 0 0 0 0 0 49 0 0 0 0 0 0 0 0 0 0 0 49 0 0 0 0 0 0 0 0 0 0 0 49 0 0 0 0 0 0 0 0 0 0 0 49 0 1986 1890 3168 3498 1014 0 0 0 
0 0 49 0 0 0 0 0 0 0 0 0 0 0 49 0 0 0 0 0 0 0 0 0 0 0 49 0 0 0 0 0 0 0 0 0 0 0 49 0 0 468 23382 4068 4080 1230 0 0 0 0 49 0 0 0 0 0 0 0 0 0 0 0 49 0 0 0 0 0 0 0 0 0 0 0 49 0 0 0 0 0 0 0 0 0 0 0 49 0 0 0 7110 38166 5286 5052 930 0 0 0 49 0 
0 0 0 0 0 0 0 0 0 0 49 0 0 0 0 0 0 0 0 0 0 0 49 0 0 0 0 0 0 0 0 0 0 0 49 0 0 0 0 10368 53694 5268 4212 966 0 0 49 0 0 0 0 0 0 0 0 0 0 0 49 0 0 0 0 0 0 0 0 0 0 0 49 0 0 0 0 0 0 0 0 0 0 0 49 0 0 0 0 0 13812 67470 6228 4824 1194 0 49 0 0 0 0 0 
