2614489920 21847 2614492224 21847 2614494528 21847 2614496832 21847 2614499136 21847 2614501440 21847 2614503744 21847 2614506048 21847 2614508352 21847 2614510656 21847 0 0 97 0 2614490016 21847 2614492320 21847 2614494624 21847 2614496928 21847 2614499232 21847 2614501536 21847 2614503840 21847 2614506144 21847 2614508448 21847 2614510752 21847 0 0 97 0 2614490112 21847 2614492416 21847 2614494720 21847 2614497024 21847 2614499328 21847 2614501632 21847 2614503936 21847 2614506240 21847 2614508544 21847 2614510848 21847 0 0 97 0 2614490208 21847 2614490400 21847 2614490592 21847 2614490784 21847 2614490976 21847 2614491168 21847 2614491360 21847 2614491552 21847 2614491744 21847 2614491936 21847 0 0 97 0 2614490256 21847 2614490448 21847 
2614490640 21847 2614490832 21847 2614491024 21847 2614491216 21847 2614491408 21847 2614491600 21847 2614491792 21847 2614491984 21847 0 0 97 0 2614490304 21847 2614490496 21847 2614490688 21847 2614490880 21847 2614491072 21847 2614491264 21847 2614491456 21847 2614491648 21847 2614491840 21847 2614492032 21847 0 0 97 0 2614490352 21847 2614490544 21847 2614490736 21847 2614490928 21847 2614491120 21847 2614491312 21847 2614491504 21847 2614491696 21847 2614491888 21847 2614492080 21847 0 0 49 0 51270 1928 0 0 0 0 0 0 0 0 49 0 0 0 0 0 0 0 0 0 0 0 49 0 0 0 0 0 0 0 0 0 
0 0 49 0 0 0 0 0 0 0 0 0 0 0 49 0 1928 36174 3435 0 0 0 0 0 0 0 49 0 0 0 0 0 0 0 0 0 0 0 49 0 0 0 0 0 0 0 0 0 0 0 49 0 0 0 0 0 0 0 0 0 0 0 49 0 0 3435 63096 4458 0 0 0 0 0 0 49 0 0 0 0 0 0 0 0 0 0 0 49 0 0 0 0 0 0 0 0 0 0 0 49 0 
0 0 0 0 0 0 0 0 0 0 49 0 0 0 4458 59286 3891 0 0 0 0 0 49 0 0 0 0 0 0 0 0 0 0 0 49 0 0 0 0 0 0 0 0 0 0 0 49 0 0 0 0 0 0 0 0 0 0 0 49 0 0 0 0 3891 49292 3113 0 0 0 0 49 0 0 0 0 0 0 0 0 0 0 0 49 0 0 0 0 0 0 0 0 0 0 0 49 0 0 0 0 0 
0 0 0 0 0 0 49 0 0 0 0 0 3113 25868 1835 0 0 0 49 0 0 0 0 0 0 0 0 0 0 0 49 0 0 0 0 0 0 0 0 0 0 0 49 0 0 0 0 0 0 0 0 0 0 0 49 0 0 0 0 0 0 1835 11342 2162 0 0 49 0 0 0 0 0 0 0 0 0 0 0 49 0 0 0 0 0 0 0 0 0 0 0 49 0 0 0 0 0 0 0 0 0 
0 0 49 0 0 0 0 0 0 0 2162 10266 2596 0 49 0 0 0 0 0 0 0 0 0 0 0 49 0 0 0 0 0 0 0 0 0 0 0 49 0 0 0 0 0 0 0 0 0 0 0 49 0 0 0 0 0 0 0 0 2596 11682 2745 49 0 0 0 0 0 0 0 0 0 0 0 49 0 0 0 0 0 0 0 0 0 0 0 49 0 0 0 0 0 0 0 0 0 0 0 49 0 
0 0 0 0 0 0 0 0 2745 12658 49 0 0 0 0 0 0 0 0 0 0 0 49 0 0 0 0 0 0 0 0 0 0 0 49 0 0 0 0 0 0 0 0 0 0 0 97 0 2614492512 21847 2614492704 21847 2614492896 21847 2614493088 21847 2614493280 21847 2614493472 21847 2614493664 21847 2614493856 21847 2614494048 21847 2614494240 21847 0 0 97 0 2614492560 21847 2614492752 21847 2614492944 21847 2614493136 21847 2614493328 21847 2614493520 21847 2614493712 21847 2614493904 21847 2614494096 21847 2614494288 21847 0 0 97 0 2614492608 21847 2614492800 21847 
2614492992 21847 2614493184 21847 2614493376 21847 2614493568 21847 2614493760 21847 2614493952 21847 2614494144 21847 2614494336 21847 0 0 97 0 2614492656 21847 2614492848 21847 2614493040 21847 2614493232 21847 2614493424 21847 2614493616 21847 2614493808 21847 2614494000 21847 2614494192 21847 2614494384 21847 0 0 49 0 1928 36174 3435 0 0 0 0 0 0 0 49 0 0 0 0 0 0 0 0 0 0 0 49 0 0 0 0 0 0 0 0 0 0 0 49 0 0 0 0 0 0 0 0 0 0 0 49 0 36174 16596 20352 3574 0 0 0 0 
0 0 49 0 0 0 0 0 0 0 0 0 0 0 49 0 0 0 0 0 0 0 0 0 0 0 49 0 0 0 0 0 0 0 0 0 0 0 49 0 3435 20352 28920 23887 5184 0 0 0 0 0 49 0 0 0 0 0 0 0 0 0 0 0 49 0 0 0 0 0 0 0 0 0 0 0 49 0 0 0 0 0 0 0 0 0 0 0 49 0 0 3574 23887 28074 19939 3432 0 0 0 0 49 0 
0 0 0 0 0 0 0 0 0 0 49 0 0 0 0 0 0 0 0 0 0 0 49 0 0 0 0 0 0 0 0 0 0 0 49 0 0 0 5184 19939 25018 16044 2711 0 0 0 49 0 0 0 0 0 0 0 0 0 0 0 49 0 0 0 0 0 0 0 0 0 0 0 49 0 0 0 0 0 0 0 0 0 0 0 49 0 0 0 0 3432 16044 16012 12132 2929 0 0 49 0 0 0 0 0 
