2.236770000000000000e+06
5.814102000000000000e+06
9.167686000000000000e+06
1.228554200000000000e+07
1.524475200000000000e+07
1.782356400000000000e+07
2.021845200000000000e+07
2.244191000000000000e+07
2.449374800000000000e+07
2.640615800000000000e+07
2.816771600000000000e+07
2.976497200000000000e+07
3.121237400000000000e+07
3.245381800000000000e+07
3.337356200000000000e+07
3.423832200000000000e+07
3.489177800000000000e+07
3.548620000000000000e+07
3.583609200000000000e+07
3.587477000000000000e+07
3.595468600000000000e+07
3.578844600000000000e+07
3.536475000000000000e+07
3.484437200000000000e+07
3.428699600000000000e+07
3.363443200000000000e+07
3.271940200000000000e+07
3.177542600000000000e+07
3.056799400000000000e+07
2.937022200000000000e+07
