3.814652000000000000e+06
1.111854400000000000e+07
1.793290000000000000e+07
2.430199000000000000e+07
3.024003200000000000e+07
3.565520400000000000e+07
4.065255600000000000e+07
4.520100000000000000e+07
4.938622000000000000e+07
5.329834400000000000e+07
5.687138200000000000e+07
5.999021000000000000e+07
6.273617200000000000e+07
6.504501800000000000e+07
6.691616800000000000e+07
6.845690400000000000e+07
6.975599200000000000e+07
7.072504000000000000e+07
7.137815000000000000e+07
7.159801400000000000e+07
7.159307200000000000e+07
7.132359200000000000e+07
7.084649000000000000e+07
6.989555600000000000e+07
6.863295600000000000e+07
6.723015800000000000e+07
6.560472400000000000e+07
6.370111400000000000e+07
6.143632600000000000e+07
5.891297000000000000e+07
