0.0621759
0.435231
1.18134
2.30051
3.79273
5.65801
7.89634
10.5077
13.4922
16.8497
20.5802
24.6838
29.1605
34.0102
39.233
44.8288
50.7977
57.1397
63.8547
70.9427
78.4038
86.238
94.4452
103.025
111.979
121.305
131.005
141.077
151.523
162.341
173.533
185.098
197.035
209.346
222.03
235.087
248.517
262.32
276.496
291.045
305.968
321.263
336.931
352.973
369.387
386.175
403.335
420.869
438.775
457.055
475.708
494.734
514.133
533.905
554.05
574.568
595.459
616.723
638.36
660.37
682.754
705.51
728.64
752.142
776.018
800.266
824.888
849.883
875.25
900.991
927.105
953.592
980.452
1007.68
1035.29
1063.27
1091.62
1120.35
1149.45
1178.92
1208.76
1238.98
1269.57
1300.53
1331.87
1363.58
1395.66
1428.12
1460.95
1494.15
1527.72
1561.67
1595.99
1630.69
1665.75
1701.2
1737.01
1773.19
1809.75
1846.69
1883.99
1921.67
1959.72
1998.15
2036.95
2076.12
2115.66
2155.58
2195.87
2236.53
2277.57
2318.97
2360.76
2402.91
2445.44
2488.34
2531.62
2575.26
2619.28
2663.68
2708.44
2753.58
2799.1
2844.98
2891.24
2937.87
2984.88
3032.26
3080.01
3128.13
3176.63
3225.5
3274.74
3324.36
3374.35
3424.71
3475.45
3526.56
3578.04
3629.89
3682.12
3734.72
3787.69
3841.04
3894.76
3948.85
4003.32
4058.16
4113.37
4168.96
4224.92
4281.25
4337.95
4395.03
4452.48
4510.3
4568.5
4627.07
4686.01
4745.33
4805.02
4865.08
4925.51
4986.32
5047.5
5109.06
5170.98
5233.28
5295.96
5359
5422.42
5486.22
5550.38
5614.92
5679.83
5745.12
5810.77
5876.8
5943.21
6009.99
6077.14
6144.66
6212.55
6280.82
6349.47
6418.48
6487.87
6557.63
6627.77
6698.27
6769.15
6840.41
6912.03
6984.03
7056.41
7129.15
7202.27
7275.76
7349.63
7423.87
7498.48
7573.46
7648.82
7724.55
7800.65
7877.13
7953.98
8031.2
8108.8
8186.76
8265.11
8343.82
8422.91
8502.37
8582.2
8662.41
8742.99
8823.94
8905.27
8986.97
9069.04
9151.49
9234.3
9317.5
9401.06
9485
9569.31
9653.99
9739.05
9824.48
9910.28
9996.46
10083
10169.9
10257.2
10344.9
10432.9
10521.3
10610.1
10699.3
10788.8
10878.7
10969
11059.7
11150.7
11242.1
11333.9
11426
11518.5
11611.4
11704.7
11798.3
11892.3
11986.7
12081.5
12176.6
12272
12368
12464.3
12560.8
12657.8
12755.3
12853
12951
13049.5
13148.5
13247.7
13347.2
13447.2
13547.6
13648.4
13749.3
13850.8
13952.8
14055
14157.5
14260.4
14363.9
14467.6
14571.5
14676
14781
14886.2
14991.6
15097.6
15204
15310.7
15417.6
15525.1
15633
15741.2
15849.6
15958.6
16068
16177.7
16287.6
16398
16508.9
16620.1
16731.5
16843.5
16955.9
17068.5
17181.4
17294.9
17408.8
17522.9
17637.3
17752.2
17867.6
17983.3
18099.2
18215.6
18332.4
18449.6
18567
18684.9
18803.2
18921.9
19040.8
19160.1
19280
19400.1
19520.5
19641.4
19762.7
19884.4
20006.2
20128.6
20251.4
20374.5
20497.9
20621.8
20746.1
20870.7
20995.6
21120.9
21246.8
21372.8
21499.2
21626
21753.4
21880.9
22008.8
22137.1
22265.9
22395
22524.3
22654.2
22784.5
22915.1
23045.9
23177.2
23309
23441.1
23573.4
23706.2
23839.5
23973
24106.8
24241.1
24375.9
24511
24646.3
24782.1
24918.4
25054.9
25191.7
25329
25466.8
25604.8
25743.1
25881.8
26021.1
26160.6
26300.4
26440.7
26581.4
26722.5
26863.7
27005.5
27147.7
27290.2
27433
27576.3
27720
27864
28008.3
28153
28298.2
28443.7
28589.5
28735.7
28882.5
29029.4
29176.7
29324.4
29472.6
29621.1
29769.8
29919
30068.8
30218.7
30369
30519.7
30670.9
30822.3
30974
31126.3
31279
31431.7
31585.4
31739.1
31892.8
32047.5
32202.1
32357.3
32513
32668.7
32825.4
32982.1
33138.8
33296.4
33454.1
33612.3
33771
33929.6
34089.3
34249
34408.6
34569.3
34730
34891.1
35052.8
35214.4
35377.1
35539.8
35702.4
35866.1
36029.7
36193.8
36358.5
36523.1
36688.8
36854.4
37020
37186.7
37353.3
37520.4
37688.1
37855.7
38024.3
38192.9
38361.5
38531.2
38700.8
38870.9
39041.5
39212.1
39383.7
39555.3
39726.9
39899.5
40072.1
40245.2
40418.8
40592.4
40767
40941.6
41116.2
41291.8
41467.4
41643.4
41820
41996.6
42174.2
42351.7
42529.3
42707.9
42886.5
43065.5
43245.1
43424.7
43605.2
43785.8
43966.3
44147.9
44329.4
44511.5
44694
44876.6
45060.1
45243.7
45427.2
45611.8
45796.3
45981.3
46166.9
46352.4
46538.9
46725.4
46912
47099.5
47287
47475
47663.6
47852.1
48041.6
48231.1
48420.6
48611.1
48801.6
48992.6
49183.6
49376.6
49567.6
49760.6
49953.6
50145.6
50340.6
50534.6
50727.6
50923.6
51118.5
51313.5
51510.5
51705.5
51902.5
52099.4
52296.4
52495.4
52692.3
52891.3
53090.3
53288.2
53489.2
53689.1
53888.1
54090.1
54291
54492
54694.9
54895.9
55098.8
55301.7
55504.7
55709.6
55912.6
56117.5
56322.4
56526.4
56733.3
56939.2
57144.1
57352.1
57559
57765.9
57974.8
58181.7
58390.6
58599.6
58808.5
59019.4
59228.3
59439.2
59650.1
59860
60072.9
60284.8
60495.7
60709.6
60922.4
61135.3
61350.2
61563.1
61778
61992.9
62207.7
62424.6
62639.5
62856.4
63073.2
63289.1
63508
63725.8
63942.7
64162.6
64381.4
64600.3
64821.1
65040
65260.8
65481.7
65702.5
65925.4
66146.2
66369.1
66591.9
66813.7
67038.6
67262.4
67485.2
67711.1
67935.9
68160.7
68387.5
68612.4
68839.2
69066
69292.8
69521.6
69748.4
69977.2
70206.1
70433.9
70664.7
70894.5
71123.3
71355.1
71585.9
71816.7
72049.4
72280.2
72513
72745.8
72978.6
73213.4
73446.2
73680.9
73915.7
74149.5
74386.3
74622
74856.8
75094.6
75331.3
75568.1
75806.9
76043.6
76282.4
76521.1
76759.9
77000.6
77239.4
77480.1
77720.9
77961.6
78202.4
78445.1
78685.9
78930.6
79171.3
79416
79658.8
79901.5
80148.2
80393
80635.7
80882.4
81129.1
81373.8
81622.5
81867.3
82116
82362.7
82611.4
82860.1
83108.8
83357.5
83608.2
83856.9
84107.6
84358.3
84609
84861.7
85112.4
85365
85617.7
85870.4
86123.1
86377.8
86630.4
86887.1
87139.8
87396.5
87651.1
87905.8
88164.4
88421.1
88675.8
88934.4
89193.1
89449.8
89710.4
89967.1
90227.7
90486.3
90747
91007.6
91268.3
91528.9
91791.5
92052.2
92314.8
92577.4
92840.1
93104.7
93367.3
93631.9
93896.6
94161.2
94425.8
94692.4
94957
95225.6
95490.3
95758.9
96025.5
96292.1
96562.7
96831.3
97097.9
97368.5
97639.1
97907.7
98180.2
98448.8
98721.4
98992
99264.6
99537.2
99809.8
100082
100357
100629
100904
101179
101453
101730
102004
102281
102557
102834
103111
103389
103666
103946
104223
104503
104782
105060
105343
105623
105902
106185
106467
106748
107032
107313
107597
107880
108164
108449
108733
109018
109304
109589
109875
110162
110448
110737
111023
111312
111600
111889
112177
112468
112756
113049
113337
113630
113920
114211
114505
114798
115088
115383
115677
115970
116266
116558
116855
117149
117446
117742
118039
118335
118634
118930
119229
119527
119825
120126
120424
120725
121025
121326
121626
121928
122229
122533
122834
123138
123441
123743
124049
124352
124658
124965
125267
125573
125880
126190
126493
126803
127109
127416
127726
128037
128343
128653
128964
129274
129585
129895
130209
130520
130830
131144
131459
131769
132088
132398
132712
133027
133345
133659
133974
134292
134606
134925
135243
135561
135876
136198
136516
136835
137157
137475
137794
138116
138438
138757
139083
139405
139724
140050
140372
140695
141021
141347
141670
141996
142322
142644
142975
143301
143627
143954
144284
144610
144940
145271
145597
145927
146258
146592
146918
147252
147583
147913
148247
148582
148912
149246
149580
149915
150249
150583
150921
151256
151590
151928
152266
152601
152943
153277
153615
153954
154296
154634
154972
155314
155653
155995
156337
156679
157018
157364
157706
158048
158394
158737
159079
159425
159771
160113
160464
160810
161152
161502
161848
162195
162545
162895
163241
163591
163941
164288
164642
164992
165342
165692
166046
166397
166751
167105
167455
167809
168163
168522
168872
169230
169584
169938
170296
170654
171009
171367
171725
172083
172441
172799
173161
173520
173878
174240
174602
174960
175326
175684
176046
176408
176775
177137
177499
177865
178227
178593
178959
179325
179687
180057
180424
180790
181160
181526
181892
182262
182632
182998
183372
183742
184108
184482
184852
185223
185597
185971
186341
