5.496000000000000000e+03
3.828800000000000000e+04
1.009240000000000000e+05
1.885680000000000000e+05
3.001120000000000000e+05
4.280340000000000000e+05
5.756780000000000000e+05
7.350500000000000000e+05
9.073660000000000000e+05
1.084968000000000000e+06
1.272708000000000000e+06
1.456358000000000000e+06
1.649462000000000000e+06
1.837106000000000000e+06
2.020164000000000000e+06
2.200248000000000000e+06
2.375506000000000000e+06
2.542490000000000000e+06
2.697694000000000000e+06
2.841012000000000000e+06
2.977722000000000000e+06
3.095384000000000000e+06
3.201650000000000000e+06
3.286132000000000000e+06
3.359438000000000000e+06
3.412788000000000000e+06
3.451540000000000000e+06
3.473582000000000000e+06
3.479554000000000000e+06
3.456660000000000000e+06
