2.500900000000000000e+05
6.043960000000000000e+05
1.311868000000000000e+06
2.211270000000000000e+06
3.371120000000000000e+06
4.718576000000000000e+06
6.214192000000000000e+06
7.876246000000000000e+06
9.638644000000000000e+06
1.146210600000000000e+07
1.345517600000000000e+07
1.551521400000000000e+07
1.766081400000000000e+07
1.981717800000000000e+07
2.179846200000000000e+07
2.376686000000000000e+07
2.562983400000000000e+07
2.740159400000000000e+07
2.904232000000000000e+07
3.053292000000000000e+07
3.190834400000000000e+07
3.312612000000000000e+07
3.418843200000000000e+07
3.505936800000000000e+07
3.596752600000000000e+07
3.664127200000000000e+07
3.707698000000000000e+07
3.733745200000000000e+07
3.735615200000000000e+07
3.701204800000000000e+07
