692
4122
10134
17506
22620
24372
24484
23674
22896
23050
22858
24438
25318
27470
29160
31442
35154
37754
41556
44678
48532
52352
56820
60016
64844
69442
74270
78400
83600
87704
93008
98504
102466
108078
113628
118162
124884
129510
135406
139682
146326
152218
159052
166572
172348
179266
186258
193482
201496
209892
214588
222574
231844
238460
248064
255432
265718
274576
283176
292448
301392
312092
321356
332824
341718
351438
360612
370686
380274
392928
404494
413462
424200
437772
446602
461104
471762
482162
493670
506330
517886
531428
541408
553320
567282
579474
592872
607058
621130
632162
648830
664788
675152
690782
703402
718772
735600
750208
766988
781222
797360
812132
827774
843766
857276
874230
889188
907290
921962
939802
955016
973444
990484
1.00734e+06
1.02509e+06
1.04492e+06
1.0601e+06
1.07778e+06
1.09896e+06
1.11294e+06
1.13266e+06
1.15203e+06
1.16784e+06
1.18892e+06
1.20702e+06
1.22806e+06
1.24774e+06
1.26235e+06
1.28854e+06
1.30257e+06
1.32686e+06
1.34548e+06
1.36887e+06
1.38975e+06
1.40996e+06
1.43006e+06
1.4562e+06
1.47785e+06
1.49925e+06
1.52244e+06
1.54396e+06
1.56634e+06
1.58862e+06
1.60902e+06
1.63403e+06
1.65551e+06
1.68338e+06
1.70702e+06
1.72741e+06
1.75571e+06
1.77455e+06
1.79961e+06
1.81908e+06
1.84612e+06
1.87197e+06
1.89455e+06
1.91962e+06
1.94299e+06
1.97108e+06
1.98917e+06
2.0192e+06
2.04162e+06
2.06746e+06
2.0937e+06
2.12469e+06
2.1455e+06
2.17527e+06
2.20554e+06
2.22921e+06
2.25892e+06
2.28647e+06
2.31457e+06
2.34145e+06
2.37046e+06
2.40191e+06
2.42979e+06
2.45672e+06
2.48612e+06
2.51124e+06
2.54135e+06
2.56696e+06
2.59603e+06
2.61954e+06
2.65142e+06
2.68056e+06
2.7089e+06
2.73319e+06
2.76316e+06
2.79782e+06
2.82625e+06
2.85458e+06
2.88408e+06
2.91393e+06
2.94649e+06
2.97873e+06
3.00484e+06
3.03819e+06
3.06579e+06
3.10284e+06
3.12993e+06
3.16452e+06
3.19182e+06
3.22381e+06
3.26008e+06
3.29433e+06
3.32473e+06
3.35743e+06
3.38557e+06
3.42007e+06
3.45068e+06
3.47518e+06
3.5173e+06
3.55015e+06
3.57874e+06
3.61229e+06
3.64501e+06
3.67798e+06
3.71279e+06
3.74666e+06
3.78454e+06
3.81672e+06
3.85232e+06
3.88471e+06
3.91975e+06
3.95343e+06
3.99456e+06
4.03474e+06
4.06011e+06
4.10182e+06
4.13393e+06
4.1718e+06
4.20608e+06
4.24238e+06
4.2774e+06
4.31521e+06
4.34621e+06
4.38271e+06
4.41497e+06
4.45046e+06
4.49663e+06
4.53063e+06
4.5648e+06
4.59763e+06
4.64148e+06
4.67297e+06
4.71423e+06
4.75098e+06
4.7841e+06
4.82644e+06
4.8685e+06
4.91268e+06
4.95221e+06
4.98795e+06
5.02956e+06
5.07404e+06
5.11385e+06
5.15425e+06
5.19041e+06
5.22409e+06
5.27305e+06
5.30898e+06
5.35095e+06
5.38532e+06
5.42691e+06
5.46971e+06
5.51645e+06
5.5475e+06
5.59274e+06
5.63191e+06
5.6752e+06
5.71634e+06
5.75482e+06
5.7995e+06
5.85019e+06
5.88459e+06
5.93922e+06
5.98437e+06
6.02231e+06
6.06451e+06
6.10754e+06
6.14869e+06
6.19274e+06
6.23626e+06
6.28085e+06
6.33004e+06
6.3684e+06
6.41129e+06
6.46269e+06
6.50345e+06
6.55695e+06
6.59911e+06
6.64375e+06
6.69599e+06
6.75075e+06
6.79433e+06
6.83595e+06
6.88597e+06
6.92511e+06
6.97214e+06
7.01838e+06
7.068e+06
7.11594e+06
7.16657e+06
7.21726e+06
7.26124e+06
7.30794e+06
7.35583e+06
7.40642e+06
7.44843e+06
7.50421e+06
7.55907e+06
7.60026e+06
7.65058e+06
7.70887e+06
7.74661e+06
7.79911e+06
7.83818e+06
7.89648e+06
7.93803e+06
7.99239e+06
8.04521e+06
8.10384e+06
8.14923e+06
8.20313e+06
8.26384e+06
8.30454e+06
8.36115e+06
8.41396e+06
8.46195e+06
8.51996e+06
8.56981e+06
8.61833e+06
8.66354e+06
8.72521e+06
8.7797e+06
8.82848e+06
8.87211e+06
8.93042e+06
8.98322e+06
9.04162e+06
9.09842e+06
9.15668e+06
9.2025e+06
9.25122e+06
9.31452e+06
9.37561e+06
9.42369e+06
9.47679e+06
9.53729e+06
9.59739e+06
9.6429e+06
9.70479e+06
9.76493e+06
9.81542e+06
9.87522e+06
9.92534e+06
9.97788e+06
1.00393e+07
1.00891e+07
1.0147e+07
1.02021e+07
1.02601e+07
1.03145e+07
1.03876e+07
1.04419e+07
1.04979e+07
1.05575e+07
1.06022e+07
1.06627e+07
1.07264e+07
1.07827e+07
1.08384e+07
1.08973e+07
1.09654e+07
1.10132e+07
1.10751e+07
1.11264e+07
1.11947e+07
1.12595e+07
1.13041e+07
1.13722e+07
1.14253e+07
1.14799e+07
1.15421e+07
1.16035e+07
1.16567e+07
1.17134e+07
1.1774e+07
1.1841e+07
1.18997e+07
1.19617e+07
1.2027e+07
1.20896e+07
1.21611e+07
1.22265e+07
1.22891e+07
1.23523e+07
1.23985e+07
1.2476e+07
1.25238e+07
