971.499
6800.49
18458.5
35945.5
59261.4
88406.4
123380
164183
210815
263276
321566
385685
455633
531410
613016
700451
793714
892807
997729
1.10848e+06
1.22506e+06
1.34747e+06
1.47571e+06
1.60977e+06
1.74967e+06
1.89539e+06
2.04695e+06
2.20433e+06
2.36754e+06
2.53658e+06
2.71145e+06
2.89215e+06
3.07868e+06
3.27104e+06
3.46922e+06
3.67324e+06
3.88308e+06
4.09875e+06
4.32025e+06
4.54759e+06
4.78075e+06
5.01973e+06
5.26455e+06
5.5152e+06
5.77167e+06
6.03398e+06
6.30211e+06
6.57608e+06
6.85587e+06
7.14149e+06
7.43294e+06
7.73022e+06
8.03332e+06
8.34226e+06
8.65703e+06
8.97762e+06
9.30404e+06
9.6363e+06
9.97438e+06
1.03183e+07
1.0668e+07
1.10236e+07
1.1385e+07
1.17522e+07
1.21253e+07
1.25042e+07
1.28889e+07
1.32794e+07
1.36758e+07
1.4078e+07
1.4486e+07
1.48999e+07
1.53196e+07
1.57451e+07
1.61764e+07
1.66136e+07
1.70566e+07
1.75054e+07
1.79601e+07
1.84206e+07
1.88869e+07
1.93591e+07
1.9837e+07
2.03208e+07
2.08105e+07
2.13059e+07
2.18072e+07
2.23144e+07
2.28273e+07
2.33461e+07
2.38707e+07
2.44011e+07
2.49374e+07
2.54795e+07
2.60274e+07
2.65812e+07
2.71408e+07
2.77062e+07
2.82774e+07
2.88545e+07
