67714
127954
152848
236384
348858
477164
616646
762788
938206
1.12118e+06
1.33382e+06
1.56518e+06
1.79477e+06
2.03809e+06
2.29281e+06
2.56013e+06
2.83691e+06
3.13333e+06
3.43094e+06
3.73283e+06
4.04714e+06
4.36022e+06
4.67528e+06
5.0073e+06
5.35918e+06
5.71126e+06
6.07243e+06
6.4278e+06
6.78748e+06
7.16584e+06
7.55175e+06
7.9385e+06
8.29851e+06
8.62657e+06
8.97936e+06
9.32816e+06
9.67898e+06
9.99803e+06
1.03232e+07
1.06479e+07
1.09672e+07
1.12752e+07
1.15589e+07
1.18462e+07
1.21255e+07
1.2415e+07
1.26511e+07
1.28862e+07
1.31145e+07
1.33798e+07
1.35841e+07
1.37765e+07
1.39972e+07
1.41694e+07
1.43159e+07
1.44721e+07
1.46196e+07
1.47946e+07
1.49487e+07
1.50776e+07
