4468
30544
82778
157989
255077
373226
513542
674760
851580
1.04601e+06
1.26327e+06
1.4879e+06
1.72577e+06
1.98189e+06
2.2475e+06
2.52734e+06
2.81523e+06
3.1136e+06
3.41647e+06
3.72858e+06
4.04636e+06
4.37042e+06
4.7092e+06
5.04496e+06
5.37936e+06
5.72688e+06
6.08465e+06
6.43421e+06
6.77674e+06
7.12622e+06
7.47129e+06
7.81749e+06
8.15626e+06
8.48714e+06
8.83451e+06
9.16519e+06
9.48826e+06
9.79815e+06
1.01216e+07
1.04294e+07
1.07465e+07
1.10468e+07
1.13484e+07
1.1639e+07
1.19036e+07
1.21736e+07
1.2431e+07
1.26804e+07
1.29282e+07
1.31552e+07
1.33613e+07
1.35834e+07
1.37873e+07
1.39603e+07
1.41506e+07
1.42971e+07
1.44434e+07
1.45708e+07
1.46822e+07
1.47839e+07
