4406
31046
82598
157842
256490
376194
517114
676940
857338
1.04916e+06
1.26075e+06
1.48775e+06
1.72812e+06
1.97961e+06
2.24861e+06
2.52259e+06
2.81314e+06
3.10523e+06
3.41043e+06
3.7266e+06
4.04713e+06
4.36664e+06
4.6963e+06
5.03496e+06
5.3715e+06
5.70999e+06
6.04963e+06
6.39171e+06
6.74157e+06
7.0858e+06
7.4296e+06
7.77592e+06
8.1135e+06
8.44983e+06
8.78052e+06
9.10799e+06
9.43166e+06
9.74311e+06
1.00651e+07
1.03749e+07
1.06805e+07
1.09766e+07
1.12734e+07
1.15571e+07
1.18395e+07
1.21041e+07
1.23568e+07
1.25953e+07
1.28379e+07
1.30598e+07
1.32853e+07
1.34921e+07
1.36946e+07
1.38655e+07
1.4049e+07
1.42117e+07
1.43634e+07
1.44961e+07
1.4632e+07
1.47476e+07
